512
-20 -20 -20
-20 -20 -15
-20 -20 -10
-20 -20 -5
-20 -20 0
-20 -20 5
-20 -20 10
-20 -20 15
-20 -15 -20
-20 -15 -15
-20 -15 -10
-20 -15 -5
-20 -15 0
-20 -15 5
-20 -15 10
-20 -15 15
-20 -10 -20
-20 -10 -15
-20 -10 -10
-20 -10 -5
-20 -10 0
-20 -10 5
-20 -10 10
-20 -10 15
-20 -5 -20
-20 -5 -15
-20 -5 -10
-20 -5 -5
-20 -5 0
-20 -5 5
-20 -5 10
-20 -5 15
-20 0 -20
-20 0 -15
-20 0 -10
-20 0 -5
-20 0 0
-20 0 5
-20 0 10
-20 0 15
-20 5 -20
-20 5 -15
-20 5 -10
-20 5 -5
-20 5 0
-20 5 5
-20 5 10
-20 5 15
-20 10 -20
-20 10 -15
-20 10 -10
-20 10 -5
-20 10 0
-20 10 5
-20 10 10
-20 10 15
-20 15 -20
-20 15 -15
-20 15 -10
-20 15 -5
-20 15 0
-20 15 5
-20 15 10
-20 15 15
-15 -20 -20
-15 -20 -15
-15 -20 -10
-15 -20 -5
-15 -20 0
-15 -20 5
-15 -20 10
-15 -20 15
-15 -15 -20
-15 -15 -15
-15 -15 -10
-15 -15 -5
-15 -15 0
-15 -15 5
-15 -15 10
-15 -15 15
-15 -10 -20
-15 -10 -15
-15 -10 -10
-15 -10 -5
-15 -10 0
-15 -10 5
-15 -10 10
-15 -10 15
-15 -5 -20
-15 -5 -15
-15 -5 -10
-15 -5 -5
-15 -5 0
-15 -5 5
-15 -5 10
-15 -5 15
-15 0 -20
-15 0 -15
-15 0 -10
-15 0 -5
-15 0 0
-15 0 5
-15 0 10
-15 0 15
-15 5 -20
-15 5 -15
-15 5 -10
-15 5 -5
-15 5 0
-15 5 5
-15 5 10
-15 5 15
-15 10 -20
-15 10 -15
-15 10 -10
-15 10 -5
-15 10 0
-15 10 5
-15 10 10
-15 10 15
-15 15 -20
-15 15 -15
-15 15 -10
-15 15 -5
-15 15 0
-15 15 5
-15 15 10
-15 15 15
-10 -20 -20
-10 -20 -15
-10 -20 -10
-10 -20 -5
-10 -20 0
-10 -20 5
-10 -20 10
-10 -20 15
-10 -15 -20
-10 -15 -15
-10 -15 -10
-10 -15 -5
-10 -15 0
-10 -15 5
-10 -15 10
-10 -15 15
-10 -10 -20
-10 -10 -15
-10 -10 -10
-10 -10 -5
-10 -10 0
-10 -10 5
-10 -10 10
-10 -10 15
-10 -5 -20
-10 -5 -15
-10 -5 -10
-10 -5 -5
-10 -5 0
-10 -5 5
-10 -5 10
-10 -5 15
-10 0 -20
-10 0 -15
-10 0 -10
-10 0 -5
-10 0 0
-10 0 5
-10 0 10
-10 0 15
-10 5 -20
-10 5 -15
-10 5 -10
-10 5 -5
-10 5 0
-10 5 5
-10 5 10
-10 5 15
-10 10 -20
-10 10 -15
-10 10 -10
-10 10 -5
-10 10 0
-10 10 5
-10 10 10
-10 10 15
-10 15 -20
-10 15 -15
-10 15 -10
-10 15 -5
-10 15 0
-10 15 5
-10 15 10
-10 15 15
-5 -20 -20
-5 -20 -15
-5 -20 -10
-5 -20 -5
-5 -20 0
-5 -20 5
-5 -20 10
-5 -20 15
-5 -15 -20
-5 -15 -15
-5 -15 -10
-5 -15 -5
-5 -15 0
-5 -15 5
-5 -15 10
-5 -15 15
-5 -10 -20
-5 -10 -15
-5 -10 -10
-5 -10 -5
-5 -10 0
-5 -10 5
-5 -10 10
-5 -10 15
-5 -5 -20
-5 -5 -15
-5 -5 -10
-5 -5 -5
-5 -5 0
-5 -5 5
-5 -5 10
-5 -5 15
-5 0 -20
-5 0 -15
-5 0 -10
-5 0 -5
-5 0 0
-5 0 5
-5 0 10
-5 0 15
-5 5 -20
-5 5 -15
-5 5 -10
-5 5 -5
-5 5 0
-5 5 5
-5 5 10
-5 5 15
-5 10 -20
-5 10 -15
-5 10 -10
-5 10 -5
-5 10 0
-5 10 5
-5 10 10
-5 10 15
-5 15 -20
-5 15 -15
-5 15 -10
-5 15 -5
-5 15 0
-5 15 5
-5 15 10
-5 15 15
0 -20 -20
0 -20 -15
0 -20 -10
0 -20 -5
0 -20 0
0 -20 5
0 -20 10
0 -20 15
0 -15 -20
0 -15 -15
0 -15 -10
0 -15 -5
0 -15 0
0 -15 5
0 -15 10
0 -15 15
0 -10 -20
0 -10 -15
0 -10 -10
0 -10 -5
0 -10 0
0 -10 5
0 -10 10
0 -10 15
0 -5 -20
0 -5 -15
0 -5 -10
0 -5 -5
0 -5 0
0 -5 5
0 -5 10
0 -5 15
0 0 -20
0 0 -15
0 0 -10
0 0 -5
0 0 0
0 0 5
0 0 10
0 0 15
0 5 -20
0 5 -15
0 5 -10
0 5 -5
0 5 0
0 5 5
0 5 10
0 5 15
0 10 -20
0 10 -15
0 10 -10
0 10 -5
0 10 0
0 10 5
0 10 10
0 10 15
0 15 -20
0 15 -15
0 15 -10
0 15 -5
0 15 0
0 15 5
0 15 10
0 15 15
5 -20 -20
5 -20 -15
5 -20 -10
5 -20 -5
5 -20 0
5 -20 5
5 -20 10
5 -20 15
5 -15 -20
5 -15 -15
5 -15 -10
5 -15 -5
5 -15 0
5 -15 5
5 -15 10
5 -15 15
5 -10 -20
5 -10 -15
5 -10 -10
5 -10 -5
5 -10 0
5 -10 5
5 -10 10
5 -10 15
5 -5 -20
5 -5 -15
5 -5 -10
5 -5 -5
5 -5 0
5 -5 5
5 -5 10
5 -5 15
5 0 -20
5 0 -15
5 0 -10
5 0 -5
5 0 0
5 0 5
5 0 10
5 0 15
5 5 -20
5 5 -15
5 5 -10
5 5 -5
5 5 0
5 5 5
5 5 10
5 5 15
5 10 -20
5 10 -15
5 10 -10
5 10 -5
5 10 0
5 10 5
5 10 10
5 10 15
5 15 -20
5 15 -15
5 15 -10
5 15 -5
5 15 0
5 15 5
5 15 10
5 15 15
10 -20 -20
10 -20 -15
10 -20 -10
10 -20 -5
10 -20 0
10 -20 5
10 -20 10
10 -20 15
10 -15 -20
10 -15 -15
10 -15 -10
10 -15 -5
10 -15 0
10 -15 5
10 -15 10
10 -15 15
10 -10 -20
10 -10 -15
10 -10 -10
10 -10 -5
10 -10 0
10 -10 5
10 -10 10
10 -10 15
10 -5 -20
10 -5 -15
10 -5 -10
10 -5 -5
10 -5 0
10 -5 5
10 -5 10
10 -5 15
10 0 -20
10 0 -15
10 0 -10
10 0 -5
10 0 0
10 0 5
10 0 10
10 0 15
10 5 -20
10 5 -15
10 5 -10
10 5 -5
10 5 0
10 5 5
10 5 10
10 5 15
10 10 -20
10 10 -15
10 10 -10
10 10 -5
10 10 0
10 10 5
10 10 10
10 10 15
10 15 -20
10 15 -15
10 15 -10
10 15 -5
10 15 0
10 15 5
10 15 10
10 15 15
15 -20 -20
15 -20 -15
15 -20 -10
15 -20 -5
15 -20 0
15 -20 5
15 -20 10
15 -20 15
15 -15 -20
15 -15 -15
15 -15 -10
15 -15 -5
15 -15 0
15 -15 5
15 -15 10
15 -15 15
15 -10 -20
15 -10 -15
15 -10 -10
15 -10 -5
15 -10 0
15 -10 5
15 -10 10
15 -10 15
15 -5 -20
15 -5 -15
15 -5 -10
15 -5 -5
15 -5 0
15 -5 5
15 -5 10
15 -5 15
15 0 -20
15 0 -15
15 0 -10
15 0 -5
15 0 0
15 0 5
15 0 10
15 0 15
15 5 -20
15 5 -15
15 5 -10
15 5 -5
15 5 0
15 5 5
15 5 10
15 5 15
15 10 -20
15 10 -15
15 10 -10
15 10 -5
15 10 0
15 10 5
15 10 10
15 10 15
15 15 -20
15 15 -15
15 15 -10
15 15 -5
15 15 0
15 15 5
15 15 10
15 15 15
-49.0748 -49.0748 -49.0748
-53.0991 -53.0991 -39.8243
-56.6667 -56.6667 -28.3333
-59.1864 -59.1864 -14.7966
-60.1041 -60.1041 0
-59.1864 -59.1864 14.7966
-56.6667 -56.6667 28.3333
-53.0991 -53.0991 39.8243
-53.0991 -39.8243 -53.0991
-58.3095 -43.7321 -43.7321
-63.1364 -47.3523 -31.5682
-66.6795 -50.0096 -16.6699
-68 -51 0
-66.6795 -50.0096 16.6699
-63.1364 -47.3523 31.5682
-58.3095 -43.7321 43.7321
-56.6667 -28.3333 -56.6667
-63.1364 -31.5682 -47.3523
-69.4022 -34.7011 -34.7011
-74.1941 -37.097 -18.5485
-76.0263 -38.0132 0
-74.1941 -37.097 18.5485
-69.4022 -34.7011 34.7011
-63.1364 -31.5682 47.3523
-59.1864 -14.7966 -59.1864
-66.6795 -16.6699 -50.0096
-74.1941 -18.5485 -37.097
-80.1388 -20.0347 -20.0347
-82.4621 -20.6155 0
-80.1388 -20.0347 20.0347
-74.1941 -18.5485 37.097
-66.6795 -16.6699 50.0096
-60.1041 0 -60.1041
-68 0 -51
-76.0263 0 -38.0132
-82.4621 0 -20.6155
-85 0 0
-82.4621 0 20.6155
-76.0263 0 38.0132
-68 0 51
-59.1864 14.7966 -59.1864
-66.6795 16.6699 -50.0096
-74.1941 18.5485 -37.097
-80.1388 20.0347 -20.0347
-82.4621 20.6155 0
-80.1388 20.0347 20.0347
-74.1941 18.5485 37.097
-66.6795 16.6699 50.0096
-56.6667 28.3333 -56.6667
-63.1364 31.5682 -47.3523
-69.4022 34.7011 -34.7011
-74.1941 37.097 -18.5485
-76.0263 38.0132 0
-74.1941 37.097 18.5485
-69.4022 34.7011 34.7011
-63.1364 31.5682 47.3523
-53.0991 39.8243 -53.0991
-58.3095 43.7321 -43.7321
-63.1364 47.3523 -31.5682
-66.6795 50.0096 -16.6699
-68 51 0
-66.6795 50.0096 16.6699
-63.1364 47.3523 31.5682
-58.3095 43.7321 43.7321
-39.8243 -53.0991 -53.0991
-43.7321 -58.3095 -43.7321
-47.3523 -63.1364 -31.5682
-50.0096 -66.6795 -16.6699
-51 -68 0
-50.0096 -66.6795 16.6699
-47.3523 -63.1364 31.5682
-43.7321 -58.3095 43.7321
-43.7321 -43.7321 -58.3095
-49.0748 -49.0748 -49.0748
-54.3662 -54.3662 -36.2441
-58.501 -58.501 -19.5003
-60.1041 -60.1041 0
-58.501 -58.501 19.5003
-54.3662 -54.3662 36.2441
-49.0748 -49.0748 49.0748
-47.3523 -31.5682 -63.1364
-54.3662 -36.2441 -54.3662
-61.8466 -41.2311 -41.2311
-68.1516 -45.4344 -22.7172
-70.7243 -47.1495 0
-68.1516 -45.4344 22.7172
-61.8466 -41.2311 41.2311
-54.3662 -36.2441 54.3662
-50.0096 -16.6699 -66.6795
-58.501 -19.5003 -58.501
-68.1516 -22.7172 -45.4344
-76.8854 -25.6285 -25.6285
-80.6381 -26.8794 0
-76.8854 -25.6285 25.6285
-68.1516 -22.7172 45.4344
-58.501 -19.5003 58.501
-51 0 -68
-60.1041 0 -60.1041
-70.7243 0 -47.1495
-80.6381 0 -26.8794
-85 0 0
-80.6381 0 26.8794
-70.7243 0 47.1495
-60.1041 0 60.1041
-50.0096 16.6699 -66.6795
-58.501 19.5003 -58.501
-68.1516 22.7172 -45.4344
-76.8854 25.6285 -25.6285
-80.6381 26.8794 0
-76.8854 25.6285 25.6285
-68.1516 22.7172 45.4344
-58.501 19.5003 58.501
-47.3523 31.5682 -63.1364
-54.3662 36.2441 -54.3662
-61.8466 41.2311 -41.2311
-68.1516 45.4344 -22.7172
-70.7243 47.1495 0
-68.1516 45.4344 22.7172
-61.8466 41.2311 41.2311
-54.3662 36.2441 54.3662
-43.7321 43.7321 -58.3095
-49.0748 49.0748 -49.0748
-54.3662 54.3662 -36.2441
-58.501 58.501 -19.5003
-60.1041 60.1041 0
-58.501 58.501 19.5003
-54.3662 54.3662 36.2441
-49.0748 49.0748 49.0748
-28.3333 -56.6667 -56.6667
-31.5682 -63.1364 -47.3523
-34.7011 -69.4022 -34.7011
-37.097 -74.1941 -18.5485
-38.0132 -76.0263 0
-37.097 -74.1941 18.5485
-34.7011 -69.4022 34.7011
-31.5682 -63.1364 47.3523
-31.5682 -47.3523 -63.1364
-36.2441 -54.3662 -54.3662
-41.2311 -61.8466 -41.2311
-45.4344 -68.1516 -22.7172
-47.1495 -70.7243 0
-45.4344 -68.1516 22.7172
-41.2311 -61.8466 41.2311
-36.2441 -54.3662 54.3662
-34.7011 -34.7011 -69.4022
-41.2311 -41.2311 -61.8466
-49.0748 -49.0748 -49.0748
-56.6667 -56.6667 -28.3333
-60.1041 -60.1041 0
-56.6667 -56.6667 28.3333
-49.0748 -49.0748 49.0748
-41.2311 -41.2311 61.8466
-37.097 -18.5485 -74.1941
-45.4344 -22.7172 -68.1516
-56.6667 -28.3333 -56.6667
-69.4022 -34.7011 -34.7011
-76.0263 -38.0132 0
-69.4022 -34.7011 34.7011
-56.6667 -28.3333 56.6667
-45.4344 -22.7172 68.1516
-38.0132 0 -76.0263
-47.1495 0 -70.7243
-60.1041 0 -60.1041
-76.0263 0 -38.0132
-85 0 0
-76.0263 0 38.0132
-60.1041 0 60.1041
-47.1495 0 70.7243
-37.097 18.5485 -74.1941
-45.4344 22.7172 -68.1516
-56.6667 28.3333 -56.6667
-69.4022 34.7011 -34.7011
-76.0263 38.0132 0
-69.4022 34.7011 34.7011
-56.6667 28.3333 56.6667
-45.4344 22.7172 68.1516
-34.7011 34.7011 -69.4022
-41.2311 41.2311 -61.8466
-49.0748 49.0748 -49.0748
-56.6667 56.6667 -28.3333
-60.1041 60.1041 0
-56.6667 56.6667 28.3333
-49.0748 49.0748 49.0748
-41.2311 41.2311 61.8466
-31.5682 47.3523 -63.1364
-36.2441 54.3662 -54.3662
-41.2311 61.8466 -41.2311
-45.4344 68.1516 -22.7172
-47.1495 70.7243 0
-45.4344 68.1516 22.7172
-41.2311 61.8466 41.2311
-36.2441 54.3662 54.3662
-14.7966 -59.1864 -59.1864
-16.6699 -66.6795 -50.0096
-18.5485 -74.1941 -37.097
-20.0347 -80.1388 -20.0347
-20.6155 -82.4621 0
-20.0347 -80.1388 20.0347
-18.5485 -74.1941 37.097
-16.6699 -66.6795 50.0096
-16.6699 -50.0096 -66.6795
-19.5003 -58.501 -58.501
-22.7172 -68.1516 -45.4344
-25.6285 -76.8854 -25.6285
-26.8794 -80.6381 0
-25.6285 -76.8854 25.6285
-22.7172 -68.1516 45.4344
-19.5003 -58.501 58.501
-18.5485 -37.097 -74.1941
-22.7172 -45.4344 -68.1516
-28.3333 -56.6667 -56.6667
-34.7011 -69.4022 -34.7011
-38.0132 -76.0263 0
-34.7011 -69.4022 34.7011
-28.3333 -56.6667 56.6667
-22.7172 -45.4344 68.1516
-20.0347 -20.0347 -80.1388
-25.6285 -25.6285 -76.8854
-34.7011 -34.7011 -69.4022
-49.0748 -49.0748 -49.0748
-60.1041 -60.1041 0
-49.0748 -49.0748 49.0748
-34.7011 -34.7011 69.4022
-25.6285 -25.6285 76.8854
-20.6155 0 -82.4621
-26.8794 0 -80.6381
-38.0132 0 -76.0263
-60.1041 0 -60.1041
-85 0 0
-60.1041 0 60.1041
-38.0132 0 76.0263
-26.8794 0 80.6381
-20.0347 20.0347 -80.1388
-25.6285 25.6285 -76.8854
-34.7011 34.7011 -69.4022
-49.0748 49.0748 -49.0748
-60.1041 60.1041 0
-49.0748 49.0748 49.0748
-34.7011 34.7011 69.4022
-25.6285 25.6285 76.8854
-18.5485 37.097 -74.1941
-22.7172 45.4344 -68.1516
-28.3333 56.6667 -56.6667
-34.7011 69.4022 -34.7011
-38.0132 76.0263 0
-34.7011 69.4022 34.7011
-28.3333 56.6667 56.6667
-22.7172 45.4344 68.1516
-16.6699 50.0096 -66.6795
-19.5003 58.501 -58.501
-22.7172 68.1516 -45.4344
-25.6285 76.8854 -25.6285
-26.8794 80.6381 0
-25.6285 76.8854 25.6285
-22.7172 68.1516 45.4344
-19.5003 58.501 58.501
0 -60.1041 -60.1041
0 -68 -51
0 -76.0263 -38.0132
0 -82.4621 -20.6155
0 -85 0
0 -82.4621 20.6155
0 -76.0263 38.0132
0 -68 51
0 -51 -68
0 -60.1041 -60.1041
0 -70.7243 -47.1495
0 -80.6381 -26.8794
0 -85 0
0 -80.6381 26.8794
0 -70.7243 47.1495
0 -60.1041 60.1041
0 -38.0132 -76.0263
0 -47.1495 -70.7243
0 -60.1041 -60.1041
0 -76.0263 -38.0132
0 -85 0
0 -76.0263 38.0132
0 -60.1041 60.1041
0 -47.1495 70.7243
0 -20.6155 -82.4621
0 -26.8794 -80.6381
0 -38.0132 -76.0263
0 -60.1041 -60.1041
0 -85 0
0 -60.1041 60.1041
0 -38.0132 76.0263
0 -26.8794 80.6381
0 0 -85
0 0 -85
0 0 -85
0 0 -85
0 0 0
0 0 85
0 0 85
0 0 85
0 20.6155 -82.4621
0 26.8794 -80.6381
0 38.0132 -76.0263
0 60.1041 -60.1041
0 85 0
0 60.1041 60.1041
0 38.0132 76.0263
0 26.8794 80.6381
0 38.0132 -76.0263
0 47.1495 -70.7243
0 60.1041 -60.1041
0 76.0263 -38.0132
0 85 0
0 76.0263 38.0132
0 60.1041 60.1041
0 47.1495 70.7243
0 51 -68
0 60.1041 -60.1041
0 70.7243 -47.1495
0 80.6381 -26.8794
0 85 0
0 80.6381 26.8794
0 70.7243 47.1495
0 60.1041 60.1041
14.7966 -59.1864 -59.1864
16.6699 -66.6795 -50.0096
18.5485 -74.1941 -37.097
20.0347 -80.1388 -20.0347
20.6155 -82.4621 0
20.0347 -80.1388 20.0347
18.5485 -74.1941 37.097
16.6699 -66.6795 50.0096
16.6699 -50.0096 -66.6795
19.5003 -58.501 -58.501
22.7172 -68.1516 -45.4344
25.6285 -76.8854 -25.6285
26.8794 -80.6381 0
25.6285 -76.8854 25.6285
22.7172 -68.1516 45.4344
19.5003 -58.501 58.501
18.5485 -37.097 -74.1941
22.7172 -45.4344 -68.1516
28.3333 -56.6667 -56.6667
34.7011 -69.4022 -34.7011
38.0132 -76.0263 0
34.7011 -69.4022 34.7011
28.3333 -56.6667 56.6667
22.7172 -45.4344 68.1516
20.0347 -20.0347 -80.1388
25.6285 -25.6285 -76.8854
34.7011 -34.7011 -69.4022
49.0748 -49.0748 -49.0748
60.1041 -60.1041 0
49.0748 -49.0748 49.0748
34.7011 -34.7011 69.4022
25.6285 -25.6285 76.8854
20.6155 0 -82.4621
26.8794 0 -80.6381
38.0132 0 -76.0263
60.1041 0 -60.1041
85 0 0
60.1041 0 60.1041
38.0132 0 76.0263
26.8794 0 80.6381
20.0347 20.0347 -80.1388
25.6285 25.6285 -76.8854
34.7011 34.7011 -69.4022
49.0748 49.0748 -49.0748
60.1041 60.1041 0
49.0748 49.0748 49.0748
34.7011 34.7011 69.4022
25.6285 25.6285 76.8854
18.5485 37.097 -74.1941
22.7172 45.4344 -68.1516
28.3333 56.6667 -56.6667
34.7011 69.4022 -34.7011
38.0132 76.0263 0
34.7011 69.4022 34.7011
28.3333 56.6667 56.6667
22.7172 45.4344 68.1516
16.6699 50.0096 -66.6795
19.5003 58.501 -58.501
22.7172 68.1516 -45.4344
25.6285 76.8854 -25.6285
26.8794 80.6381 0
25.6285 76.8854 25.6285
22.7172 68.1516 45.4344
19.5003 58.501 58.501
28.3333 -56.6667 -56.6667
31.5682 -63.1364 -47.3523
34.7011 -69.4022 -34.7011
37.097 -74.1941 -18.5485
38.0132 -76.0263 0
37.097 -74.1941 18.5485
34.7011 -69.4022 34.7011
31.5682 -63.1364 47.3523
31.5682 -47.3523 -63.1364
36.2441 -54.3662 -54.3662
41.2311 -61.8466 -41.2311
45.4344 -68.1516 -22.7172
47.1495 -70.7243 0
45.4344 -68.1516 22.7172
41.2311 -61.8466 41.2311
36.2441 -54.3662 54.3662
34.7011 -34.7011 -69.4022
41.2311 -41.2311 -61.8466
49.0748 -49.0748 -49.0748
56.6667 -56.6667 -28.3333
60.1041 -60.1041 0
56.6667 -56.6667 28.3333
49.0748 -49.0748 49.0748
41.2311 -41.2311 61.8466
37.097 -18.5485 -74.1941
45.4344 -22.7172 -68.1516
56.6667 -28.3333 -56.6667
69.4022 -34.7011 -34.7011
76.0263 -38.0132 0
69.4022 -34.7011 34.7011
56.6667 -28.3333 56.6667
45.4344 -22.7172 68.1516
38.0132 0 -76.0263
47.1495 0 -70.7243
60.1041 0 -60.1041
76.0263 0 -38.0132
85 0 0
76.0263 0 38.0132
60.1041 0 60.1041
47.1495 0 70.7243
37.097 18.5485 -74.1941
45.4344 22.7172 -68.1516
56.6667 28.3333 -56.6667
69.4022 34.7011 -34.7011
76.0263 38.0132 0
69.4022 34.7011 34.7011
56.6667 28.3333 56.6667
45.4344 22.7172 68.1516
34.7011 34.7011 -69.4022
41.2311 41.2311 -61.8466
49.0748 49.0748 -49.0748
56.6667 56.6667 -28.3333
60.1041 60.1041 0
56.6667 56.6667 28.3333
49.0748 49.0748 49.0748
41.2311 41.2311 61.8466
31.5682 47.3523 -63.1364
36.2441 54.3662 -54.3662
41.2311 61.8466 -41.2311
45.4344 68.1516 -22.7172
47.1495 70.7243 0
45.4344 68.1516 22.7172
41.2311 61.8466 41.2311
36.2441 54.3662 54.3662
39.8243 -53.0991 -53.0991
43.7321 -58.3095 -43.7321
47.3523 -63.1364 -31.5682
50.0096 -66.6795 -16.6699
51 -68 0
50.0096 -66.6795 16.6699
47.3523 -63.1364 31.5682
43.7321 -58.3095 43.7321
43.7321 -43.7321 -58.3095
49.0748 -49.0748 -49.0748
54.3662 -54.3662 -36.2441
58.501 -58.501 -19.5003
60.1041 -60.1041 0
58.501 -58.501 19.5003
54.3662 -54.3662 36.2441
49.0748 -49.0748 49.0748
47.3523 -31.5682 -63.1364
54.3662 -36.2441 -54.3662
61.8466 -41.2311 -41.2311
68.1516 -45.4344 -22.7172
70.7243 -47.1495 0
68.1516 -45.4344 22.7172
61.8466 -41.2311 41.2311
54.3662 -36.2441 54.3662
50.0096 -16.6699 -66.6795
58.501 -19.5003 -58.501
68.1516 -22.7172 -45.4344
76.8854 -25.6285 -25.6285
80.6381 -26.8794 0
76.8854 -25.6285 25.6285
68.1516 -22.7172 45.4344
58.501 -19.5003 58.501
51 0 -68
60.1041 0 -60.1041
70.7243 0 -47.1495
80.6381 0 -26.8794
85 0 0
80.6381 0 26.8794
70.7243 0 47.1495
60.1041 0 60.1041
50.0096 16.6699 -66.6795
58.501 19.5003 -58.501
68.1516 22.7172 -45.4344
76.8854 25.6285 -25.6285
80.6381 26.8794 0
76.8854 25.6285 25.6285
68.1516 22.7172 45.4344
58.501 19.5003 58.501
47.3523 31.5682 -63.1364
54.3662 36.2441 -54.3662
61.8466 41.2311 -41.2311
68.1516 45.4344 -22.7172
70.7243 47.1495 0
68.1516 45.4344 22.7172
61.8466 41.2311 41.2311
54.3662 36.2441 54.3662
43.7321 43.7321 -58.3095
49.0748 49.0748 -49.0748
54.3662 54.3662 -36.2441
58.501 58.501 -19.5003
60.1041 60.1041 0
58.501 58.501 19.5003
54.3662 54.3662 36.2441
49.0748 49.0748 49.0748
5
5
5
5
5
5
5
5
5
5
5
5
5
5
5
5
5
5
5
5
5
5
5
5
5
5
5
5
5
5
5
5
5
5
5
5
5
5
5
5
5
5
5
5
5
5
5
5
5
5
5
5
5
5
5
5
5
5
5
5
5
5
5
5
5
5
5
5
5
5
5
5
5
5
5
5
5
5
5
5
5
5
5
5
5
5
5
5
5
5
5
5
5
5
5
5
5
5
5
5
5
5
5
5
5
5
5
5
5
5
5
5
5
5
5
5
5
5
5
5
5
5
5
5
5
5
5
5
5
5
5
5
5
5
5
5
5
5
5
5
5
5
5
5
5
5
5
5
5
5
5
5
5
5
5
5
5
5
5
5
5
5
5
5
5
5
5
5
5
5
5
5
5
5
5
5
5
5
5
5
5
5
5
5
5
5
5
5
5
5
5
5
5
5
5
5
5
5
5
5
5
5
5
5
5
5
5
5
5
5
5
5
5
5
5
5
5
5
5
5
5
5
5
5
5
5
5
5
5
5
5
5
5
5
5
5
5
5
5
5
5
5
5
5
5
5
5
5
5
5
5
5
5
5
5
5
5
5
5
5
5
5
5
5
5
5
5
5
5
5
5
5
5
5
5
5
5
5
5
5
5
5
5
5
5
5
5
5
5
5
5
5
5
5
5
5
5
5
5
5
5
5
5
5
5
5
5
5
5
5
5
5
5
5
5
5
5
5
5
5
5
5
5
5
5
5
5
5
5
5
5
5
5
5
5
5
5
5
5
5
5
5
5
5
5
5
5
5
5
5
5
5
5
5
5
5
5
5
5
5
5
5
5
5
5
5
5
5
5
5
5
5
5
5
5
5
5
5
5
5
5
5
5
5
5
5
5
5
5
5
5
5
5
5
5
5
5
5
5
5
5
5
5
5
5
5
5
5
5
5
5
5
5
5
5
5
5
5
5
5
5
5
5
5
5
5
5
5
5
5
5
5
5
5
5
5
5
5
5
5
5
5
5
5
5
5
5
5
5
5
5
5
5
5
5
5
5
5
5
5
5
5
5
5
5
5
5
5
5
5
5
5
5
5
5
5
5
5
5
5
5
5
5
5
5
5
5
5
5
5
5
5
5
5
5
5
5
5
5
5
5
5
5
5
5
5
5
5
5
5
5
5
2
2
2
2
2
2
2
2
2
2
2
2
2
2
2
2
2
2
2
2
2
2
2
2
2
2
2
2
2
2
2
2
2
2
2
2
2
2
2
2
2
2
2
2
2
2
2
2
2
2
2
2
2
2
2
2
2
2
2
2
2
2
2
2
2
2
2
2
2
2
2
2
2
2
2
2
2
2
2
2
2
2
2
2
2
2
2
2
2
2
2
2
2
2
2
2
2
2
2
2
2
2
2
2
2
2
2
2
2
2
2
2
2
2
2
2
2
2
2
2
2
2
2
2
2
2
2
2
2
2
2
2
2
2
2
2
2
2
2
2
2
2
2
2
2
2
2
2
2
2
2
2
2
2
2
2
2
2
2
2
2
2
2
2
2
2
2
2
2
2
2
2
2
2
2
2
2
2
2
2
2
2
2
2
2
2
2
2
2
2
2
2
2
2
2
2
2
2
2
2
2
2
2
2
2
2
2
2
2
2
2
2
2
2
2
2
2
2
2
2
2
2
2
2
2
2
2
2
2
2
2
2
2
2
2
2
2
2
2
2
2
2
2
2
2
2
2
2
2
2
2
2
2
2
2
2
2
2
2
2
2
2
2
2
2
2
2
2
2
2
2
2
2
2
2
2
2
2
2
2
2
2
2
2
2
2
2
2
2
2
2
2
2
2
2
2
2
2
2
2
2
2
2
2
2
2
2
2
2
2
2
2
2
2
2
2
2
2
2
2
2
2
2
2
2
2
2
2
2
2
2
2
2
2
2
2
2
2
2
2
2
2
2
2
2
2
2
2
2
2
2
2
2
2
2
2
2
2
2
2
2
2
2
2
2
2
2
2
2
2
2
2
2
2
2
2
2
2
2
2
2
2
2
2
2
2
2
2
2
2
2
2
2
2
2
2
2
2
2
2
2
2
2
2
2
2
2
2
2
2
2
2
2
2
2
2
2
2
2
2
2
2
2
2
2
2
2
2
2
2
2
2
2
2
2
2
2
2
2
2
2
2
2
2
2
2
2
2
2
2
2
2
2
2
2
2
2
2
2
2
2
2
2
2
2
2
2
2
2
2
2
2
2
2
2
2
2
2
2
2
2
2
2
2
2
2
2
2
2
2
2
2
2
2
2
2
2
2
2
2
2
2
2
2
2
2
2
2
2
2
2
2
