343
-10 -10 -10
-10 -10 -7
-10 -10 -4
-10 -10 -1
-10 -10 2
-10 -10 5
-10 -10 8
-10 -7 -10
-10 -7 -7
-10 -7 -4
-10 -7 -1
-10 -7 220
-10 -7 5
-10 -7 8
-10 -4 -10
-10 -4 -7
-10 -4 -4
-10 -4 -1
-10 -4 2
-10 -4 5
-10 -4 8
-10 -1 -10
-10 -1 -7
-10 -1 -4
-10 -1 -1
-10 -1 2
-10 -1 5
-10 -1 8
-10 2 -10
-10 2 -7
-10 2 -4
-10 2 -1
-10 2 2
-10 2 5
-10 2 8
-10 5 -10
-10 5 -7
-10 5 -4
-10 5 -1
-10 5 2
-10 5 5
-10 5 8
-10 8 -10
-10 8 -7
-10 8 -4
-10 8 -1
-10 8 2
-10 8 5
-10 8 8
-7 -10 -10
-7 -10 -7
-7 -10 -4
-7 -10 -1
-7 -10 2
-7 -10 5
-7 -10 8
-7 -7 -10
-7 -7 -7
-7 -7 -4
-7 -7 -1
-7 -7 2
-7 -7 5
-7 -7 8
-7 -4 -10
-7 -4 -7
-7 -4 -4
-7 -4 -1
-7 -4 2
-7 -4 5
-7 -4 8
-7 -1 -10
-7 -1 -7
-7 -1 -4
-7 -1 -1
-7 -1 2
-7 -1 5
-7 -1 8
-7 2 -10
-7 2 -7
-7 2 -4
-7 2 -1
-7 2 2
-7 2 5
-7 2 8
-7 5 -10
-7 5 -7
-7 5 -4
-7 5 -1
-7 5 2
-7 5 5
-7 5 8
-7 8 -10
-7 8 -7
-7 8 -4
-7 8 -1
-7 8 2
-7 8 5
-7 8 8
-4 -10 -10
-4 -10 -7
-4 -10 -4
-4 -10 -1
-4 -10 2
-4 -10 5
-4 -10 8
-4 -7 -10
-4 -7 -7
-4 -7 -4
-4 -7 -1
-4 -7 2
-4 -7 5
-4 -7 8
-4 -4 -10
-4 -4 -7
-4 -4 -4
-4 -4 -1
-4 -4 2
-4 -4 5
-4 -4 8
-4 -1 -10
-4 -1 -7
-4 -1 -4
-4 -1 -1
-4 -1 2
-4 -1 5
-4 -1 8
-4 2 -10
-4 2 -7
-4 2 -4
-4 2 -1
-4 2 2
-4 2 5
-4 2 8
-4 5 -10
-4 5 -7
-4 5 -4
-4 5 -1
-4 5 2
-4 5 5
-4 5 8
-4 8 -10
-4 8 -7
-4 8 -4
-4 8 -1
-4 8 2
-4 8 5
-4 8 8
-1 -10 -10
-1 -10 -7
-1 -10 -4
-1 -10 -1
-1 -10 2
-1 -10 5
-1 -10 8
-1 -7 -10
-1 -7 -7
-1 -7 -4
-1 -7 -1
-1 -7 2
-1 -7 5
-1 -7 8
-1 -4 -10
-1 -4 -7
-1 -4 -4
-1 -4 -1
-1 -4 2
-1 -4 5
-1 -4 8
-1 -1 -10
-1 -1 -7
-1 -1 -4
-1 -1 -1
-1 -1 2
-1 -1 5
-1 -1 8
-1 2 -10
-1 2 -7
-1 2 -4
-1 2 -1
-1 2 2
-1 2 5
-1 2 8
-1 5 -10
-1 5 -7
-1 5 -4
-1 5 -1
-1 5 2
-1 5 5
-1 5 8
-1 8 -10
-1 8 -7
-1 8 -4
-1 8 -1
-1 8 2
-1 8 5
-1 8 8
2 -10 -10
2 -10 -7
2 -10 -4
2 -10 -1
2 -10 2
2 -10 5
2 -10 8
2 -7 -10
2 -7 -7
2 -7 -4
2 -7 -1
2 -7 2
2 -7 5
2 -7 8
2 -4 -10
2 -4 -7
2 -4 -4
2 -4 -1
2 -4 2
2 -4 5
2 -4 8
2 -1 -10
2 -1 -7
2 -1 -4
2 -1 -1
2 -1 2
2 -1 5
2 -1 8
2 2 -10
2 2 -7
2 2 -4
2 2 -1
2 2 2
2 2 5
2 2 8
2 5 -10
2 5 -7
2 5 -4
2 5 -1
2 5 2
2 5 5
2 5 8
2 8 -10
2 8 -7
2 8 -4
2 8 -1
2 8 2
2 8 5
2 8 8
5 -10 -10
5 -10 -7
5 -10 -4
5 -10 -1
5 -10 2
5 -10 5
5 -10 8
5 -7 -10
5 -7 -7
5 -7 -4
5 -7 -1
5 -7 2
5 -7 5
5 -7 8
5 -4 -10
5 -4 -7
5 -4 -4
5 -4 -1
5 -4 2
5 -4 5
5 -4 8
5 -1 -10
5 -1 -7
5 -1 -4
5 -1 -1
5 -1 2
5 -1 5
5 -1 8
5 2 -10
5 2 -7
5 2 -4
5 2 -1
5 2 2
5 2 5
5 2 8
5 5 -10
5 5 -7
5 5 -4
5 5 -1
5 5 2
5 5 5
5 5 8
5 8 -10
5 8 -7
5 8 -4
5 8 -1
5 8 2
5 8 5
5 8 8
8 -10 -10
8 -10 -7
8 -10 -4
8 -10 -1
8 -10 2
8 -10 5
8 -10 8
8 -7 -10
8 -7 -7
8 -7 -4
8 -7 -1
8 -7 2
8 -7 5
8 -7 8
8 -4 -10
8 -4 -7
8 -4 -4
8 -4 -1
8 -4 2
8 -4 5
8 -4 8
8 -1 -10
8 -1 -7
8 -1 -4
8 -1 -1
8 -1 2
8 -1 5
8 -1 8
8 2 -10
8 2 -7
8 2 -4
8 2 -1
8 2 2
8 2 5
8 2 8
8 5 -10
8 5 -7
8 5 -4
8 5 -1
8 5 2
8 5 5
8 5 8
8 8 -10
8 8 -7
8 8 -4
8 8 -1
8 8 2
8 8 5
8 8 8
-11.547 -11.547 -11.547
-12.6745 -12.6745 -8.87214
-13.6083 -13.6083 -5.44331
-14.1069 -14.1069 -1.41069
-14.0028 -14.0028 2.80056
-13.3333 -13.3333 6.66667
-12.3091 -12.3091 9.84732
-12.6745 -8.87214 -12.6745
-14.2134 -9.94937 -9.94937
-15.57 -10.899 -6.22799
-16.3299 -11.431 -1.63299
-16.169 -11.3183 3.23381
-15.162 -10.6134 7.58098
-13.7038 -9.59264 10.963
-13.6083 -5.44331 -13.6083
-15.57 -6.22799 -10.899
-17.4078 -6.96311 -6.96311
-18.49 -7.396 -1.849
-18.2574 -7.30297 3.65148
-16.843 -6.73722 8.42152
-14.9071 -5.96285 11.9257
-14.1069 -1.41069 -14.1069
-16.3299 -1.63299 -11.431
-18.49 -1.849 -7.396
-19.803 -1.9803 -1.9803
-19.518 -1.9518 3.9036
-17.8174 -1.78174 8.90871
-15.57 -1.557 12.456
-14.0028 2.80056 -14.0028
-16.169 3.23381 -11.3183
-18.2574 3.65148 -7.30297
-19.518 3.9036 -1.9518
-19.245 3.849 3.849
-17.609 3.5218 8.80451
-15.4303 3.08607 12.3443
-13.3333 6.66667 -13.3333
-15.162 7.58098 -10.6134
-16.843 8.42152 -6.73722
-17.8174 8.90871 -1.78174
-17.609 8.80451 3.5218
-16.3299 8.16497 8.16497
-14.5479 7.27393 11.6383
-12.3091 9.84732 -12.3091
-13.7038 10.963 -9.59264
-14.9071 11.9257 -5.96285
-15.57 12.456 -1.557
-15.4303 12.3443 3.08607
-14.5479 11.6383 7.27393
-13.2453 10.5963 10.5963
-8.87214 -12.6745 -12.6745
-9.94937 -14.2134 -9.94937
-10.899 -15.57 -6.22799
-11.431 -16.3299 -1.63299
-11.3183 -16.169 3.23381
-10.6134 -15.162 7.58098
-9.59264 -13.7038 10.963
-9.94937 -9.94937 -14.2134
-11.547 -11.547 -11.547
-13.1122 -13.1122 -7.49269
-14.0705 -14.0705 -2.01008
-13.8621 -13.8621 3.96059
-12.6234 -12.6234 9.0167
-10.9994 -10.9994 12.5708
-10.899 -6.22799 -15.57
-13.1122 -7.49269 -13.1122
-15.5556 -8.88889 -8.88889
-17.2328 -9.84732 -2.46183
-16.854 -9.63087 4.81543
-14.7573 -8.43274 10.5409
-12.3263 -7.04361 14.0872
-11.431 -1.63299 -16.3299
-14.0705 -2.01008 -14.0705
-17.2328 -2.46183 -9.84732
-19.6039 -2.80056 -2.80056
-19.0516 -2.72166 5.44331
-16.1658 -2.3094 11.547
-13.1122 -1.87317 14.9854
-11.3183 3.23381 -16.169
-13.8621 3.96059 -13.8621
-16.854 4.81543 -9.63087
-19.0516 5.44331 -2.72166
-18.5435 5.29813 5.29813
-15.8519 4.52911 11.3228
-12.943 3.698 14.792
-10.6134 7.58098 -15.162
-12.6234 9.0167 -12.6234
-14.7573 10.5409 -8.43274
-16.1658 11.547 -2.3094
-15.8519 11.3228 4.52911
-14.0705 10.0504 10.0504
-11.9176 8.51257 13.6201
-9.59264 10.963 -13.7038
-10.9994 12.5708 -10.9994
-12.3263 14.0872 -7.04361
-13.1122 14.9854 -1.87317
-12.943 14.792 3.698
-11.9176 13.6201 8.51257
-10.523 12.0263 12.0263
-5.44331 -13.6083 -13.6083
-6.22799 -15.57 -10.899
-6.96311 -17.4078 -6.96311
-7.396 -18.49 -1.849
-7.30297 -18.2574 3.65148
-6.73722 -16.843 8.42152
-5.96285 -14.9071 11.9257
-6.22799 -10.899 -15.57
-7.49269 -13.1122 -13.1122
-8.88889 -15.5556 -8.88889
-9.84732 -17.2328 -2.46183
-9.63087 -16.854 4.81543
-8.43274 -14.7573 10.5409
-7.04361 -12.3263 14.0872
-6.96311 -6.96311 -17.4078
-8.88889 -8.88889 -15.5556
-11.547 -11.547 -11.547
-13.9262 -13.9262 -3.48155
-13.3333 -13.3333 6.66667
-10.5963 -10.5963 13.2453
-8.16497 -8.16497 16.3299
-7.396 -1.849 -18.49
-9.84732 -2.46183 -17.2328
-13.9262 -3.48155 -13.9262
-18.8562 -4.71405 -4.71405
-17.4574 -4.36436 8.72871
-12.3443 -3.08607 15.4303
-8.88889 -2.22222 17.7778
-7.30297 3.65148 -18.2574
-9.63087 4.81543 -16.854
-13.3333 6.66667 -13.3333
-17.4574 8.72871 -4.36436
-16.3299 8.16497 8.16497
-11.9257 5.96285 14.9071
-8.72871 4.36436 17.4574
-6.73722 8.42152 -16.843
-8.43274 10.5409 -14.7573
-10.5963 13.2453 -10.5963
-12.3443 15.4303 -3.08607
-11.9257 14.9071 5.96285
-9.84732 12.3091 12.3091
-7.8072 9.759 15.6144
-5.96285 11.9257 -14.9071
-7.04361 14.0872 -12.3263
-8.16497 16.3299 -8.16497
-8.88889 17.7778 -2.22222
-8.72871 17.4574 4.36436
-7.8072 15.6144 9.759
-6.66667 13.3333 13.3333
-1.41069 -14.1069 -14.1069
-1.63299 -16.3299 -11.431
-1.849 -18.49 -7.396
-1.9803 -19.803 -1.9803
-1.9518 -19.518 3.9036
-1.78174 -17.8174 8.90871
-1.557 -15.57 12.456
-1.63299 -11.431 -16.3299
-2.01008 -14.0705 -14.0705
-2.46183 -17.2328 -9.84732
-2.80056 -19.6039 -2.80056
-2.72166 -19.0516 5.44331
-2.3094 -16.1658 11.547
-1.87317 -13.1122 14.9854
-1.849 -7.396 -18.49
-2.46183 -9.84732 -17.2328
-3.48155 -13.9262 -13.9262
-4.71405 -18.8562 -4.71405
-4.36436 -17.4574 8.72871
-3.08607 -12.3443 15.4303
-2.22222 -8.88889 17.7778
-1.9803 -1.9803 -19.803
-2.80056 -2.80056 -19.6039
-4.71405 -4.71405 -18.8562
-11.547 -11.547 -11.547
-8.16497 -8.16497 16.3299
-3.849 -3.849 19.245
-2.46183 -2.46183 19.6946
-1.9518 3.9036 -19.518
-2.72166 5.44331 -19.0516
-4.36436 8.72871 -17.4574
-8.16497 16.3299 -8.16497
-6.66667 13.3333 13.3333
-3.65148 7.30297 18.2574
-2.40772 4.81543 19.2617
-1.78174 8.90871 -17.8174
-2.3094 11.547 -16.1658
-3.08607 15.4303 -12.3443
-3.849 19.245 -3.849
-3.65148 18.2574 7.30297
-2.80056 14.0028 14.0028
-2.10819 10.5409 16.8655
-1.557 12.456 -15.57
-1.87317 14.9854 -13.1122
-2.22222 17.7778 -8.88889
-2.46183 19.6946 -2.46183
-2.40772 19.2617 4.81543
-2.10819 16.8655 10.5409
-1.7609 14.0872 14.0872
2.80056 -14.0028 -14.0028
3.23381 -16.169 -11.3183
3.65148 -18.2574 -7.30297
3.9036 -19.518 -1.9518
3.849 -19.245 3.849
3.5218 -17.609 8.80451
3.08607 -15.4303 12.3443
3.23381 -11.3183 -16.169
3.96059 -13.8621 -13.8621
4.81543 -16.854 -9.63087
5.44331 -19.0516 -2.72166
5.29813 -18.5435 5.29813
4.52911 -15.8519 11.3228
3.698 -12.943 14.792
3.65148 -7.30297 -18.2574
4.81543 -9.63087 -16.854
6.66667 -13.3333 -13.3333
8.72871 -17.4574 -4.36436
8.16497 -16.3299 8.16497
5.96285 -11.9257 14.9071
4.36436 -8.72871 17.4574
3.9036 -1.9518 -19.518
5.44331 -2.72166 -19.0516
8.72871 -4.36436 -17.4574
16.3299 -8.16497 -8.16497
13.3333 -6.66667 13.3333
7.30297 -3.65148 18.2574
4.81543 -2.40772 19.2617
3.849 3.849 -19.245
5.29813 5.29813 -18.5435
8.16497 8.16497 -16.3299
13.3333 13.3333 -6.66667
11.547 11.547 11.547
6.96311 6.96311 17.4078
4.71405 4.71405 18.8562
3.5218 8.80451 -17.609
4.52911 11.3228 -15.8519
5.96285 14.9071 -11.9257
7.30297 18.2574 -3.65148
6.96311 17.4078 6.96311
5.44331 13.6083 13.6083
4.14781 10.3695 16.5912
3.08607 12.3443 -15.4303
3.698 14.792 -12.943
4.36436 17.4574 -8.72871
4.81543 19.2617 -2.40772
4.71405 18.8562 4.71405
4.14781 16.5912 10.3695
3.48155 13.9262 13.9262
6.66667 -13.3333 -13.3333
7.58098 -15.162 -10.6134
8.42152 -16.843 -6.73722
8.90871 -17.8174 -1.78174
8.80451 -17.609 3.5218
8.16497 -16.3299 8.16497
7.27393 -14.5479 11.6383
7.58098 -10.6134 -15.162
9.0167 -12.6234 -12.6234
10.5409 -14.7573 -8.43274
11.547 -16.1658 -2.3094
11.3228 -15.8519 4.52911
10.0504 -14.0705 10.0504
8.51257 -11.9176 13.6201
8.42152 -6.73722 -16.843
10.5409 -8.43274 -14.7573
13.2453 -10.5963 -10.5963
15.4303 -12.3443 -3.08607
14.9071 -11.9257 5.96285
12.3091 -9.84732 12.3091
9.759 -7.8072 15.6144
8.90871 -1.78174 -17.8174
11.547 -2.3094 -16.1658
15.4303 -3.08607 -12.3443
19.245 -3.849 -3.849
18.2574 -3.65148 7.30297
14.0028 -2.80056 14.0028
10.5409 -2.10819 16.8655
8.80451 3.5218 -17.609
11.3228 4.52911 -15.8519
14.9071 5.96285 -11.9257
18.2574 7.30297 -3.65148
17.4078 6.96311 6.96311
13.6083 5.44331 13.6083
10.3695 4.14781 16.5912
8.16497 8.16497 -16.3299
10.0504 10.0504 -14.0705
12.3091 12.3091 -9.84732
14.0028 14.0028 -2.80056
13.6083 13.6083 5.44331
11.547 11.547 11.547
9.36586 9.36586 14.9854
7.27393 11.6383 -14.5479
8.51257 13.6201 -11.9176
9.759 15.6144 -7.8072
10.5409 16.8655 -2.10819
10.3695 16.5912 4.14781
9.36586 14.9854 9.36586
8.08452 12.9352 12.9352
9.84732 -12.3091 -12.3091
10.963 -13.7038 -9.59264
11.9257 -14.9071 -5.96285
12.456 -15.57 -1.557
12.3443 -15.4303 3.08607
11.6383 -14.5479 7.27393
10.5963 -13.2453 10.5963
10.963 -9.59264 -13.7038
12.5708 -10.9994 -10.9994
14.0872 -12.3263 -7.04361
14.9854 -13.1122 -1.87317
14.792 -12.943 3.698
13.6201 -11.9176 8.51257
12.0263 -10.523 12.0263
11.9257 -5.96285 -14.9071
14.0872 -7.04361 -12.3263
16.3299 -8.16497 -8.16497
17.7778 -8.88889 -2.22222
17.4574 -8.72871 4.36436
15.6144 -7.8072 9.759
13.3333 -6.66667 13.3333
12.456 -1.557 -15.57
14.9854 -1.87317 -13.1122
17.7778 -2.22222 -8.88889
19.6946 -2.46183 -2.46183
19.2617 -2.40772 4.81543
16.8655 -2.10819 10.5409
14.0872 -1.7609 14.0872
12.3443 3.08607 -15.4303
14.792 3.698 -12.943
17.4574 4.36436 -8.72871
19.2617 4.81543 -2.40772
18.8562 4.71405 4.71405
16.5912 4.14781 10.3695
13.9262 3.48155 13.9262
11.6383 7.27393 -14.5479
13.6201 8.51257 -11.9176
15.6144 9.759 -7.8072
16.8655 10.5409 -2.10819
16.5912 10.3695 4.14781
14.9854 9.36586 9.36586
12.9352 8.08452 12.9352
10.5963 10.5963 -13.2453
12.0263 12.0263 -10.523
13.3333 13.3333 -6.66667
14.0872 14.0872 -1.7609
13.9262 13.9262 3.48155
12.9352 12.9352 8.08452
11.547 11.547 11.547
5
5
5
5
5
5
5
5
5
5
5
5
5
5
5
5
5
5
5
5
5
5
5
5
5
5
5
5
5
5
5
5
5
5
5
5
5
5
5
5
5
5
5
5
5
5
5
5
5
5
5
5
5
5
5
5
5
5
5
5
5
5
5
5
5
5
5
5
5
5
5
5
5
5
5
5
5
5
5
5
5
5
5
5
5
5
5
5
5
5
5
5
5
5
5
5
5
5
5
5
5
5
5
5
5
5
5
5
5
5
5
5
5
5
5
5
5
5
5
5
5
5
5
5
5
5
5
5
5
5
5
5
5
5
5
5
5
5
5
5
5
5
5
5
5
5
5
5
5
5
5
5
5
5
5
5
5
5
5
5
5
5
5
5
5
5
5
5
5
5
5
5
5
5
5
5
5
5
5
5
5
5
5
5
5
5
5
5
5
5
5
5
5
5
5
5
5
5
5
5
5
5
5
5
5
5
5
5
5
5
5
5
5
5
5
5
5
5
5
5
5
5
5
5
5
5
5
5
5
5
5
5
5
5
5
5
5
5
5
5
5
5
5
5
5
5
5
5
5
5
5
5
5
5
5
5
5
5
5
5
5
5
5
5
5
5
5
5
5
5
5
5
5
5
5
5
5
5
5
5
5
5
5
5
5
5
5
5
5
5
5
5
5
5
5
5
5
5
5
5
5
5
5
5
5
5
5
5
5
5
5
5
5
5
5
5
5
5
5
5
5
5
5
5
5
5
5
5
5
5
5
5
5
5
5
5
5
5
5
5
5
5
5
2
2
2
2
2
2
2
2
2
2
2
2
2
2
2
2
2
2
2
2
2
2
2
2
2
2
2
2
2
2
2
2
2
2
2
2
2
2
2
2
2
2
2
2
2
2
2
2
2
2
2
2
2
2
2
2
2
2
2
2
2
2
2
2
2
2
2
2
2
2
2
2
2
2
2
2
2
2
2
2
2
2
2
2
2
2
2
2
2
2
2
2
2
2
2
2
2
2
2
2
2
2
2
2
2
2
2
2
2
2
2
2
2
2
2
2
2
2
2
2
2
2
2
2
2
2
2
2
2
2
2
2
2
2
2
2
2
2
2
2
2
2
2
2
2
2
2
2
2
2
2
2
2
2
2
2
2
2
2
2
2
2
2
2
2
2
2
2
2
2
2
2
2
2
2
2
2
2
2
2
2
2
2
2
2
2
2
2
2
2
2
2
2
2
2
2
2
2
2
2
2
2
2
2
2
2
2
2
2
2
2
2
2
2
2
2
2
2
2
2
2
2
2
2
2
2
2
2
2
2
2
2
2
2
2
2
2
2
2
2
2
2
2
2
2
2
2
2
2
2
2
2
2
2
2
2
2
2
2
2
2
2
2
2
2
2
2
2
2
2
2
2
2
2
2
2
2
2
2
2
2
2
2
2
2
2
2
2
2
2
2
2
2
2
2
2
2
2
2
2
2
2
2
2
2
2
2
2
2
2
2
2
2
2
2
2
2
2
2
2
2
2
2
2
2
2
2
2
2
2
2
2
2
2
2
2
2
2
2
2
2
2
2
