64
-10 -10 -10
-10 -10 -5
-10 -10 0
-10 -10 5
-10 -5 -10
-10 -5 -5
-10 -5 0
-10 -5 5
-10 0 -10
-10 0 -5
-10 0 0
-10 0 5
-10 5 -10
-10 5 -5
-10 5 0
-10 5 5
-5 -10 -10
-5 -10 -5
-5 -10 0
-5 -10 5
-5 -5 -10
-5 -5 -5
-5 -5 0
-5 -5 5
-5 0 -10
-5 0 -5
-5 0 0
-5 0 5
-5 5 -10
-5 5 -5
-5 5 0
-5 5 5
0 -10 -10
0 -10 -5
0 -10 0
0 -10 5
0 -5 -10
0 -5 -5
0 -5 0
0 -5 5
0 0 -10
0 0 -5
0 0 0
0 0 5
0 5 -10
0 5 -5
0 5 0
0 5 5
5 -10 -10
5 -10 -5
5 -10 0
5 -10 5
5 -5 -10
5 -5 -5
5 -5 0
5 -5 5
5 0 -10
5 0 -5
5 0 0
5 0 5
5 5 -10
5 5 -5
5 5 0
5 5 5
-23.094 -23.094 -23.094
-26.6667 -26.6667 -13.3333
-28.2843 -28.2843 0
-26.6667 -26.6667 13.3333
-26.6667 -13.3333 -26.6667
-32.6599 -16.3299 -16.3299
-35.7771 -17.8885 0
-32.6599 -16.3299 16.3299
-28.2843 0 -28.2843
-35.7771 0 -17.8885
-40 0 0
-35.7771 0 17.8885
-26.6667 13.3333 -26.6667
-32.6599 16.3299 -16.3299
-35.7771 17.8885 0
-32.6599 16.3299 16.3299
-13.3333 -26.6667 -26.6667
-16.3299 -32.6599 -16.3299
-17.8885 -35.7771 0
-16.3299 -32.6599 16.3299
-16.3299 -16.3299 -32.6599
-23.094 -23.094 -23.094
-28.2843 -28.2843 0
-23.094 -23.094 23.094
-17.8885 0 -35.7771
-28.2843 0 -28.2843
-40 0 0
-28.2843 0 28.2843
-16.3299 16.3299 -32.6599
-23.094 23.094 -23.094
-28.2843 28.2843 0
-23.094 23.094 23.094
0 -28.2843 -28.2843
0 -35.7771 -17.8885
0 -40 0
0 -35.7771 17.8885
0 -17.8885 -35.7771
0 -28.2843 -28.2843
0 -40 0
0 -28.2843 28.2843
0 0 -40
0 0 -40
0 0 0
0 0 40
0 17.8885 -35.7771
0 28.2843 -28.2843
0 40 0
0 28.2843 28.2843
13.3333 -26.6667 -26.6667
16.3299 -32.6599 -16.3299
17.8885 -35.7771 0
16.3299 -32.6599 16.3299
16.3299 -16.3299 -32.6599
23.094 -23.094 -23.094
28.2843 -28.2843 0
23.094 -23.094 23.094
17.8885 0 -35.7771
28.2843 0 -28.2843
40 0 0
28.2843 0 28.2843
16.3299 16.3299 -32.6599
23.094 23.094 -23.094
28.2843 28.2843 0
23.094 23.094 23.094
5
5
5
5
5
5
5
5
5
5
5
5
5
5
5
5
5
5
5
5
5
5
5
5
5
5
5
5
5
5
5
5
5
5
5
5
5
5
5
5
5
5
5
5
5
5
5
5
5
5
5
5
5
5
5
5
5
5
5
5
5
5
5
5
2
2
2
2
2
2
2
2
2
2
2
2
2
2
2
2
2
2
2
2
2
2
2
2
2
2
2
2
2
2
2
2
2
2
2
2
2
2
2
2
2
2
2
2
2
2
2
2
2
2
2
2
2
2
2
2
2
2
2
2
2
2
2
2
