729
-20 -20 -20
-20 -20 -15
-20 -20 -10
-20 -20 -5
-20 -20 0
-20 -20 5
-20 -20 10
-20 -20 15
-20 -20 20
-20 -15 -20
-20 -15 -15
-20 -15 -10
-20 -15 -5
-20 -15 0
-20 -15 5
-20 -15 10
-20 -15 15
-20 -15 20
-20 -10 -20
-20 -10 -15
-20 -10 -10
-20 -10 -5
-20 -10 0
-20 -10 5
-20 -10 10
-20 -10 15
-20 -10 20
-20 -5 -20
-20 -5 -15
-20 -5 -10
-20 -5 -5
-20 -5 0
-20 -5 5
-20 -5 10
-20 -5 15
-20 -5 20
-20 0 -20
-20 0 -15
-20 0 -10
-20 0 -5
-20 0 0
-20 0 5
-20 0 10
-20 0 15
-20 0 20
-20 5 -20
-20 5 -15
-20 5 -10
-20 5 -5
-20 5 0
-20 5 5
-20 5 10
-20 5 15
-20 5 20
-20 10 -20
-20 10 -15
-20 10 -10
-20 10 -5
-20 10 0
-20 10 5
-20 10 10
-20 10 15
-20 10 20
-20 15 -20
-20 15 -15
-20 15 -10
-20 15 -5
-20 15 0
-20 15 5
-20 15 10
-20 15 15
-20 15 20
-20 20 -20
-20 20 -15
-20 20 -10
-20 20 -5
-20 20 0
-20 20 5
-20 20 10
-20 20 15
-20 20 20
-15 -20 -20
-15 -20 -15
-15 -20 -10
-15 -20 -5
-15 -20 0
-15 -20 5
-15 -20 10
-15 -20 15
-15 -20 20
-15 -15 -20
-15 -15 -15
-15 -15 -10
-15 -15 -5
-15 -15 0
-15 -15 5
-15 -15 10
-15 -15 15
-15 -15 20
-15 -10 -20
-15 -10 -15
-15 -10 -10
-15 -10 -5
-15 -10 0
-15 -10 5
-15 -10 10
-15 -10 15
-15 -10 20
-15 -5 -20
-15 -5 -15
-15 -5 -10
-15 -5 -5
-15 -5 0
-15 -5 5
-15 -5 10
-15 -5 15
-15 -5 20
-15 0 -20
-15 0 -15
-15 0 -10
-15 0 -5
-15 0 0
-15 0 5
-15 0 10
-15 0 15
-15 0 20
-15 5 -20
-15 5 -15
-15 5 -10
-15 5 -5
-15 5 0
-15 5 5
-15 5 10
-15 5 15
-15 5 20
-15 10 -20
-15 10 -15
-15 10 -10
-15 10 -5
-15 10 0
-15 10 5
-15 10 10
-15 10 15
-15 10 20
-15 15 -20
-15 15 -15
-15 15 -10
-15 15 -5
-15 15 0
-15 15 5
-15 15 10
-15 15 15
-15 15 20
-15 20 -20
-15 20 -15
-15 20 -10
-15 20 -5
-15 20 0
-15 20 5
-15 20 10
-15 20 15
-15 20 20
-10 -20 -20
-10 -20 -15
-10 -20 -10
-10 -20 -5
-10 -20 0
-10 -20 5
-10 -20 10
-10 -20 15
-10 -20 20
-10 -15 -20
-10 -15 -15
-10 -15 -10
-10 -15 -5
-10 -15 0
-10 -15 5
-10 -15 10
-10 -15 15
-10 -15 20
-10 -10 -20
-10 -10 -15
-10 -10 -10
-10 -10 -5
-10 -10 0
-10 -10 5
-10 -10 10
-10 -10 15
-10 -10 20
-10 -5 -20
-10 -5 -15
-10 -5 -10
-10 -5 -5
-10 -5 0
-10 -5 5
-10 -5 10
-10 -5 15
-10 -5 20
-10 0 -20
-10 0 -15
-10 0 -10
-10 0 -5
-10 0 0
-10 0 5
-10 0 10
-10 0 15
-10 0 20
-10 5 -20
-10 5 -15
-10 5 -10
-10 5 -5
-10 5 0
-10 5 5
-10 5 10
-10 5 15
-10 5 20
-10 10 -20
-10 10 -15
-10 10 -10
-10 10 -5
-10 10 0
-10 10 5
-10 10 10
-10 10 15
-10 10 20
-10 15 -20
-10 15 -15
-10 15 -10
-10 15 -5
-10 15 0
-10 15 5
-10 15 10
-10 15 15
-10 15 20
-10 20 -20
-10 20 -15
-10 20 -10
-10 20 -5
-10 20 0
-10 20 5
-10 20 10
-10 20 15
-10 20 20
-5 -20 -20
-5 -20 -15
-5 -20 -10
-5 -20 -5
-5 -20 0
-5 -20 5
-5 -20 10
-5 -20 15
-5 -20 20
-5 -15 -20
-5 -15 -15
-5 -15 -10
-5 -15 -5
-5 -15 0
-5 -15 5
-5 -15 10
-5 -15 15
-5 -15 20
-5 -10 -20
-5 -10 -15
-5 -10 -10
-5 -10 -5
-5 -10 0
-5 -10 5
-5 -10 10
-5 -10 15
-5 -10 20
-5 -5 -20
-5 -5 -15
-5 -5 -10
-5 -5 -5
-5 -5 0
-5 -5 5
-5 -5 10
-5 -5 15
-5 -5 20
-5 0 -20
-5 0 -15
-5 0 -10
-5 0 -5
-5 0 0
-5 0 5
-5 0 10
-5 0 15
-5 0 20
-5 5 -20
-5 5 -15
-5 5 -10
-5 5 -5
-5 5 0
-5 5 5
-5 5 10
-5 5 15
-5 5 20
-5 10 -20
-5 10 -15
-5 10 -10
-5 10 -5
-5 10 0
-5 10 5
-5 10 10
-5 10 15
-5 10 20
-5 15 -20
-5 15 -15
-5 15 -10
-5 15 -5
-5 15 0
-5 15 5
-5 15 10
-5 15 15
-5 15 20
-5 20 -20
-5 20 -15
-5 20 -10
-5 20 -5
-5 20 0
-5 20 5
-5 20 10
-5 20 15
-5 20 20
0 -20 -20
0 -20 -15
0 -20 -10
0 -20 -5
0 -20 0
0 -20 5
0 -20 10
0 -20 15
0 -20 20
0 -15 -20
0 -15 -15
0 -15 -10
0 -15 -5
0 -15 0
0 -15 5
0 -15 10
0 -15 15
0 -15 20
0 -10 -20
0 -10 -15
0 -10 -10
0 -10 -5
0 -10 0
0 -10 5
0 -10 10
0 -10 15
0 -10 20
0 -5 -20
0 -5 -15
0 -5 -10
0 -5 -5
0 -5 0
0 -5 5
0 -5 10
0 -5 15
0 -5 20
0 0 -20
0 0 -15
0 0 -10
0 0 -5
0 0 0
0 0 5
0 0 10
0 0 15
0 0 20
0 5 -20
0 5 -15
0 5 -10
0 5 -5
0 5 0
0 5 5
0 5 10
0 5 15
0 5 20
0 10 -20
0 10 -15
0 10 -10
0 10 -5
0 10 0
0 10 5
0 10 10
0 10 15
0 10 20
0 15 -20
0 15 -15
0 15 -10
0 15 -5
0 15 0
0 15 5
0 15 10
0 15 15
0 15 20
0 20 -20
0 20 -15
0 20 -10
0 20 -5
0 20 0
0 20 5
0 20 10
0 20 15
0 20 20
5 -20 -20
5 -20 -15
5 -20 -10
5 -20 -5
5 -20 0
5 -20 5
5 -20 10
5 -20 15
5 -20 20
5 -15 -20
5 -15 -15
5 -15 -10
5 -15 -5
5 -15 0
5 -15 5
5 -15 10
5 -15 15
5 -15 20
5 -10 -20
5 -10 -15
5 -10 -10
5 -10 -5
5 -10 0
5 -10 5
5 -10 10
5 -10 15
5 -10 20
5 -5 -20
5 -5 -15
5 -5 -10
5 -5 -5
5 -5 0
5 -5 5
5 -5 10
5 -5 15
5 -5 20
5 0 -20
5 0 -15
5 0 -10
5 0 -5
5 0 0
5 0 5
5 0 10
5 0 15
5 0 20
5 5 -20
5 5 -15
5 5 -10
5 5 -5
5 5 0
5 5 5
5 5 10
5 5 15
5 5 20
5 10 -20
5 10 -15
5 10 -10
5 10 -5
5 10 0
5 10 5
5 10 10
5 10 15
5 10 20
5 15 -20
5 15 -15
5 15 -10
5 15 -5
5 15 0
5 15 5
5 15 10
5 15 15
5 15 20
5 20 -20
5 20 -15
5 20 -10
5 20 -5
5 20 0
5 20 5
5 20 10
5 20 15
5 20 20
10 -20 -20
10 -20 -15
10 -20 -10
10 -20 -5
10 -20 0
10 -20 5
10 -20 10
10 -20 15
10 -20 20
10 -15 -20
10 -15 -15
10 -15 -10
10 -15 -5
10 -15 0
10 -15 5
10 -15 10
10 -15 15
10 -15 20
10 -10 -20
10 -10 -15
10 -10 -10
10 -10 -5
10 -10 0
10 -10 5
10 -10 10
10 -10 15
10 -10 20
10 -5 -20
10 -5 -15
10 -5 -10
10 -5 -5
10 -5 0
10 -5 5
10 -5 10
10 -5 15
10 -5 20
10 0 -20
10 0 -15
10 0 -10
10 0 -5
10 0 0
10 0 5
10 0 10
10 0 15
10 0 20
10 5 -20
10 5 -15
10 5 -10
10 5 -5
10 5 0
10 5 5
10 5 10
10 5 15
10 5 20
10 10 -20
10 10 -15
10 10 -10
10 10 -5
10 10 0
10 10 5
10 10 10
10 10 15
10 10 20
10 15 -20
10 15 -15
10 15 -10
10 15 -5
10 15 0
10 15 5
10 15 10
10 15 15
10 15 20
10 20 -20
10 20 -15
10 20 -10
10 20 -5
10 20 0
10 20 5
10 20 10
10 20 15
10 20 20
15 -20 -20
15 -20 -15
15 -20 -10
15 -20 -5
15 -20 0
15 -20 5
15 -20 10
15 -20 15
15 -20 20
15 -15 -20
15 -15 -15
15 -15 -10
15 -15 -5
15 -15 0
15 -15 5
15 -15 10
15 -15 15
15 -15 20
15 -10 -20
15 -10 -15
15 -10 -10
15 -10 -5
15 -10 0
15 -10 5
15 -10 10
15 -10 15
15 -10 20
15 -5 -20
15 -5 -15
15 -5 -10
15 -5 -5
15 -5 0
15 -5 5
15 -5 10
15 -5 15
15 -5 20
15 0 -20
15 0 -15
15 0 -10
15 0 -5
15 0 0
15 0 5
15 0 10
15 0 15
15 0 20
15 5 -20
15 5 -15
15 5 -10
15 5 -5
15 5 0
15 5 5
15 5 10
15 5 15
15 5 20
15 10 -20
15 10 -15
15 10 -10
15 10 -5
15 10 0
15 10 5
15 10 10
15 10 15
15 10 20
15 15 -20
15 15 -15
15 15 -10
15 15 -5
15 15 0
15 15 5
15 15 10
15 15 15
15 15 20
15 20 -20
15 20 -15
15 20 -10
15 20 -5
15 20 0
15 20 5
15 20 10
15 20 15
15 20 20
20 -20 -20
20 -20 -15
20 -20 -10
20 -20 -5
20 -20 0
20 -20 5
20 -20 10
20 -20 15
20 -20 20
20 -15 -20
20 -15 -15
20 -15 -10
20 -15 -5
20 -15 0
20 -15 5
20 -15 10
20 -15 15
20 -15 20
20 -10 -20
20 -10 -15
20 -10 -10
20 -10 -5
20 -10 0
20 -10 5
20 -10 10
20 -10 15
20 -10 20
20 -5 -20
20 -5 -15
20 -5 -10
20 -5 -5
20 -5 0
20 -5 5
20 -5 10
20 -5 15
20 -5 20
20 0 -20
20 0 -15
20 0 -10
20 0 -5
20 0 0
20 0 5
20 0 10
20 0 15
20 0 20
20 5 -20
20 5 -15
20 5 -10
20 5 -5
20 5 0
20 5 5
20 5 10
20 5 15
20 5 20
20 10 -20
20 10 -15
20 10 -10
20 10 -5
20 10 0
20 10 5
20 10 10
20 10 15
20 10 20
20 15 -20
20 15 -15
20 15 -10
20 15 -5
20 15 0
20 15 5
20 15 10
20 15 15
20 15 20
20 20 -20
20 20 -15
20 20 -10
20 20 -5
20 20 0
20 20 5
20 20 10
20 20 15
20 20 20
-20.2073 -20.2073 -20.2073
-21.8643 -21.8643 -16.3982
-23.3333 -23.3333 -11.6667
-24.3709 -24.3709 -6.09272
-24.7487 -24.7487 0
-24.3709 -24.3709 6.09272
-23.3333 -23.3333 11.6667
-21.8643 -21.8643 16.3982
-20.2073 -20.2073 20.2073
-21.8643 -16.3982 -21.8643
-24.0098 -18.0074 -18.0074
-25.9973 -19.498 -12.9987
-27.4563 -20.5922 -6.86406
-28 -21 0
-27.4563 -20.5922 6.86406
-25.9973 -19.498 12.9987
-24.0098 -18.0074 18.0074
-21.8643 -16.3982 21.8643
-23.3333 -11.6667 -23.3333
-25.9973 -12.9987 -19.498
-28.5774 -14.2887 -14.2887
-30.5505 -15.2753 -7.63763
-31.305 -15.6525 0
-30.5505 -15.2753 7.63763
-28.5774 -14.2887 14.2887
-25.9973 -12.9987 19.498
-23.3333 -11.6667 23.3333
-24.3709 -6.09272 -24.3709
-27.4563 -6.86406 -20.5922
-30.5505 -7.63763 -15.2753
-32.9983 -8.24958 -8.24958
-33.955 -8.48875 0
-32.9983 -8.24958 8.24958
-30.5505 -7.63763 15.2753
-27.4563 -6.86406 20.5922
-24.3709 -6.09272 24.3709
-24.7487 0 -24.7487
-28 0 -21
-31.305 0 -15.6525
-33.955 0 -8.48875
-35 0 0
-33.955 0 8.48875
-31.305 0 15.6525
-28 0 21
-24.7487 0 24.7487
-24.3709 6.09272 -24.3709
-27.4563 6.86406 -20.5922
-30.5505 7.63763 -15.2753
-32.9983 8.24958 -8.24958
-33.955 8.48875 0
-32.9983 8.24958 8.24958
-30.5505 7.63763 15.2753
-27.4563 6.86406 20.5922
-24.3709 6.09272 24.3709
-23.3333 11.6667 -23.3333
-25.9973 12.9987 -19.498
-28.5774 14.2887 -14.2887
-30.5505 15.2753 -7.63763
-31.305 15.6525 0
-30.5505 15.2753 7.63763
-28.5774 14.2887 14.2887
-25.9973 12.9987 19.498
-23.3333 11.6667 23.3333
-21.8643 16.3982 -21.8643
-24.0098 18.0074 -18.0074
-25.9973 19.498 -12.9987
-27.4563 20.5922 -6.86406
-28 21 0
-27.4563 20.5922 6.86406
-25.9973 19.498 12.9987
-24.0098 18.0074 18.0074
-21.8643 16.3982 21.8643
-20.2073 20.2073 -20.2073
-21.8643 21.8643 -16.3982
-23.3333 23.3333 -11.6667
-24.3709 24.3709 -6.09272
-24.7487 24.7487 0
-24.3709 24.3709 6.09272
-23.3333 23.3333 11.6667
-21.8643 21.8643 16.3982
-20.2073 20.2073 20.2073
-16.3982 -21.8643 -21.8643
-18.0074 -24.0098 -18.0074
-19.498 -25.9973 -12.9987
-20.5922 -27.4563 -6.86406
-21 -28 0
-20.5922 -27.4563 6.86406
-19.498 -25.9973 12.9987
-18.0074 -24.0098 18.0074
-16.3982 -21.8643 21.8643
-18.0074 -18.0074 -24.0098
-20.2073 -20.2073 -20.2073
-22.3861 -22.3861 -14.9241
-24.0887 -24.0887 -8.02955
-24.7487 -24.7487 0
-24.0887 -24.0887 8.02955
-22.3861 -22.3861 14.9241
-20.2073 -20.2073 20.2073
-18.0074 -18.0074 24.0098
-19.498 -12.9987 -25.9973
-22.3861 -14.9241 -22.3861
-25.4662 -16.9775 -16.9775
-28.0624 -18.7083 -9.35414
-29.1218 -19.4145 0
-28.0624 -18.7083 9.35414
-25.4662 -16.9775 16.9775
-22.3861 -14.9241 22.3861
-19.498 -12.9987 25.9973
-20.5922 -6.86406 -27.4563
-24.0887 -8.02955 -24.0887
-28.0624 -9.35414 -18.7083
-31.6587 -10.5529 -10.5529
-33.2039 -11.068 0
-31.6587 -10.5529 10.5529
-28.0624 -9.35414 18.7083
-24.0887 -8.02955 24.0887
-20.5922 -6.86406 27.4563
-21 0 -28
-24.7487 0 -24.7487
-29.1218 0 -19.4145
-33.2039 0 -11.068
-35 0 0
-33.2039 0 11.068
-29.1218 0 19.4145
-24.7487 0 24.7487
-21 0 28
-20.5922 6.86406 -27.4563
-24.0887 8.02955 -24.0887
-28.0624 9.35414 -18.7083
-31.6587 10.5529 -10.5529
-33.2039 11.068 0
-31.6587 10.5529 10.5529
-28.0624 9.35414 18.7083
-24.0887 8.02955 24.0887
-20.5922 6.86406 27.4563
-19.498 12.9987 -25.9973
-22.3861 14.9241 -22.3861
-25.4662 16.9775 -16.9775
-28.0624 18.7083 -9.35414
-29.1218 19.4145 0
-28.0624 18.7083 9.35414
-25.4662 16.9775 16.9775
-22.3861 14.9241 22.3861
-19.498 12.9987 25.9973
-18.0074 18.0074 -24.0098
-20.2073 20.2073 -20.2073
-22.3861 22.3861 -14.9241
-24.0887 24.0887 -8.02955
-24.7487 24.7487 0
-24.0887 24.0887 8.02955
-22.3861 22.3861 14.9241
-20.2073 20.2073 20.2073
-18.0074 18.0074 24.0098
-16.3982 21.8643 -21.8643
-18.0074 24.0098 -18.0074
-19.498 25.9973 -12.9987
-20.5922 27.4563 -6.86406
-21 28 0
-20.5922 27.4563 6.86406
-19.498 25.9973 12.9987
-18.0074 24.0098 18.0074
-16.3982 21.8643 21.8643
-11.6667 -23.3333 -23.3333
-12.9987 -25.9973 -19.498
-14.2887 -28.5774 -14.2887
-15.2753 -30.5505 -7.63763
-15.6525 -31.305 0
-15.2753 -30.5505 7.63763
-14.2887 -28.5774 14.2887
-12.9987 -25.9973 19.498
-11.6667 -23.3333 23.3333
-12.9987 -19.498 -25.9973
-14.9241 -22.3861 -22.3861
-16.9775 -25.4662 -16.9775
-18.7083 -28.0624 -9.35414
-19.4145 -29.1218 0
-18.7083 -28.0624 9.35414
-16.9775 -25.4662 16.9775
-14.9241 -22.3861 22.3861
-12.9987 -19.498 25.9973
-14.2887 -14.2887 -28.5774
-16.9775 -16.9775 -25.4662
-20.2073 -20.2073 -20.2073
-23.3333 -23.3333 -11.6667
-24.7487 -24.7487 0
-23.3333 -23.3333 11.6667
-20.2073 -20.2073 20.2073
-16.9775 -16.9775 25.4662
-14.2887 -14.2887 28.5774
-15.2753 -7.63763 -30.5505
-18.7083 -9.35414 -28.0624
-23.3333 -11.6667 -23.3333
-28.5774 -14.2887 -14.2887
-31.305 -15.6525 0
-28.5774 -14.2887 14.2887
-23.3333 -11.6667 23.3333
-18.7083 -9.35414 28.0624
-15.2753 -7.63763 30.5505
-15.6525 0 -31.305
-19.4145 0 -29.1218
-24.7487 0 -24.7487
-31.305 0 -15.6525
-35 0 0
-31.305 0 15.6525
-24.7487 0 24.7487
-19.4145 0 29.1218
-15.6525 0 31.305
-15.2753 7.63763 -30.5505
-18.7083 9.35414 -28.0624
-23.3333 11.6667 -23.3333
-28.5774 14.2887 -14.2887
-31.305 15.6525 0
-28.5774 14.2887 14.2887
-23.3333 11.6667 23.3333
-18.7083 9.35414 28.0624
-15.2753 7.63763 30.5505
-14.2887 14.2887 -28.5774
-16.9775 16.9775 -25.4662
-20.2073 20.2073 -20.2073
-23.3333 23.3333 -11.6667
-24.7487 24.7487 0
-23.3333 23.3333 11.6667
-20.2073 20.2073 20.2073
-16.9775 16.9775 25.4662
-14.2887 14.2887 28.5774
-12.9987 19.498 -25.9973
-14.9241 22.3861 -22.3861
-16.9775 25.4662 -16.9775
-18.7083 28.0624 -9.35414
-19.4145 29.1218 0
-18.7083 28.0624 9.35414
-16.9775 25.4662 16.9775
-14.9241 22.3861 22.3861
-12.9987 19.498 25.9973
-11.6667 23.3333 -23.3333
-12.9987 25.9973 -19.498
-14.2887 28.5774 -14.2887
-15.2753 30.5505 -7.63763
-15.6525 31.305 0
-15.2753 30.5505 7.63763
-14.2887 28.5774 14.2887
-12.9987 25.9973 19.498
-11.6667 23.3333 23.3333
-6.09272 -24.3709 -24.3709
-6.86406 -27.4563 -20.5922
-7.63763 -30.5505 -15.2753
-8.24958 -32.9983 -8.24958
-8.48875 -33.955 0
-8.24958 -32.9983 8.24958
-7.63763 -30.5505 15.2753
-6.86406 -27.4563 20.5922
-6.09272 -24.3709 24.3709
-6.86406 -20.5922 -27.4563
-8.02955 -24.0887 -24.0887
-9.35414 -28.0624 -18.7083
-10.5529 -31.6587 -10.5529
-11.068 -33.2039 0
-10.5529 -31.6587 10.5529
-9.35414 -28.0624 18.7083
-8.02955 -24.0887 24.0887
-6.86406 -20.5922 27.4563
-7.63763 -15.2753 -30.5505
-9.35414 -18.7083 -28.0624
-11.6667 -23.3333 -23.3333
-14.2887 -28.5774 -14.2887
-15.6525 -31.305 0
-14.2887 -28.5774 14.2887
-11.6667 -23.3333 23.3333
-9.35414 -18.7083 28.0624
-7.63763 -15.2753 30.5505
-8.24958 -8.24958 -32.9983
-10.5529 -10.5529 -31.6587
-14.2887 -14.2887 -28.5774
-20.2073 -20.2073 -20.2073
-24.7487 -24.7487 0
-20.2073 -20.2073 20.2073
-14.2887 -14.2887 28.5774
-10.5529 -10.5529 31.6587
-8.24958 -8.24958 32.9983
-8.48875 0 -33.955
-11.068 0 -33.2039
-15.6525 0 -31.305
-24.7487 0 -24.7487
-35 0 0
-24.7487 0 24.7487
-15.6525 0 31.305
-11.068 0 33.2039
-8.48875 0 33.955
-8.24958 8.24958 -32.9983
-10.5529 10.5529 -31.6587
-14.2887 14.2887 -28.5774
-20.2073 20.2073 -20.2073
-24.7487 24.7487 0
-20.2073 20.2073 20.2073
-14.2887 14.2887 28.5774
-10.5529 10.5529 31.6587
-8.24958 8.24958 32.9983
-7.63763 15.2753 -30.5505
-9.35414 18.7083 -28.0624
-11.6667 23.3333 -23.3333
-14.2887 28.5774 -14.2887
-15.6525 31.305 0
-14.2887 28.5774 14.2887
-11.6667 23.3333 23.3333
-9.35414 18.7083 28.0624
-7.63763 15.2753 30.5505
-6.86406 20.5922 -27.4563
-8.02955 24.0887 -24.0887
-9.35414 28.0624 -18.7083
-10.5529 31.6587 -10.5529
-11.068 33.2039 0
-10.5529 31.6587 10.5529
-9.35414 28.0624 18.7083
-8.02955 24.0887 24.0887
-6.86406 20.5922 27.4563
-6.09272 24.3709 -24.3709
-6.86406 27.4563 -20.5922
-7.63763 30.5505 -15.2753
-8.24958 32.9983 -8.24958
-8.48875 33.955 0
-8.24958 32.9983 8.24958
-7.63763 30.5505 15.2753
-6.86406 27.4563 20.5922
-6.09272 24.3709 24.3709
0 -24.7487 -24.7487
0 -28 -21
0 -31.305 -15.6525
0 -33.955 -8.48875
0 -35 0
0 -33.955 8.48875
0 -31.305 15.6525
0 -28 21
0 -24.7487 24.7487
0 -21 -28
0 -24.7487 -24.7487
0 -29.1218 -19.4145
0 -33.2039 -11.068
0 -35 0
0 -33.2039 11.068
0 -29.1218 19.4145
0 -24.7487 24.7487
0 -21 28
0 -15.6525 -31.305
0 -19.4145 -29.1218
0 -24.7487 -24.7487
0 -31.305 -15.6525
0 -35 0
0 -31.305 15.6525
0 -24.7487 24.7487
0 -19.4145 29.1218
0 -15.6525 31.305
0 -8.48875 -33.955
0 -11.068 -33.2039
0 -15.6525 -31.305
0 -24.7487 -24.7487
0 -35 0
0 -24.7487 24.7487
0 -15.6525 31.305
0 -11.068 33.2039
0 -8.48875 33.955
0 0 -35
0 0 -35
0 0 -35
0 0 -35
0 0 0
0 0 35
0 0 35
0 0 35
0 0 35
0 8.48875 -33.955
0 11.068 -33.2039
0 15.6525 -31.305
0 24.7487 -24.7487
0 35 0
0 24.7487 24.7487
0 15.6525 31.305
0 11.068 33.2039
0 8.48875 33.955
0 15.6525 -31.305
0 19.4145 -29.1218
0 24.7487 -24.7487
0 31.305 -15.6525
0 35 0
0 31.305 15.6525
0 24.7487 24.7487
0 19.4145 29.1218
0 15.6525 31.305
0 21 -28
0 24.7487 -24.7487
0 29.1218 -19.4145
0 33.2039 -11.068
0 35 0
0 33.2039 11.068
0 29.1218 19.4145
0 24.7487 24.7487
0 21 28
0 24.7487 -24.7487
0 28 -21
0 31.305 -15.6525
0 33.955 -8.48875
0 35 0
0 33.955 8.48875
0 31.305 15.6525
0 28 21
0 24.7487 24.7487
6.09272 -24.3709 -24.3709
6.86406 -27.4563 -20.5922
7.63763 -30.5505 -15.2753
8.24958 -32.9983 -8.24958
8.48875 -33.955 0
8.24958 -32.9983 8.24958
7.63763 -30.5505 15.2753
6.86406 -27.4563 20.5922
6.09272 -24.3709 24.3709
6.86406 -20.5922 -27.4563
8.02955 -24.0887 -24.0887
9.35414 -28.0624 -18.7083
10.5529 -31.6587 -10.5529
11.068 -33.2039 0
10.5529 -31.6587 10.5529
9.35414 -28.0624 18.7083
8.02955 -24.0887 24.0887
6.86406 -20.5922 27.4563
7.63763 -15.2753 -30.5505
9.35414 -18.7083 -28.0624
11.6667 -23.3333 -23.3333
14.2887 -28.5774 -14.2887
15.6525 -31.305 0
14.2887 -28.5774 14.2887
11.6667 -23.3333 23.3333
9.35414 -18.7083 28.0624
7.63763 -15.2753 30.5505
8.24958 -8.24958 -32.9983
10.5529 -10.5529 -31.6587
14.2887 -14.2887 -28.5774
20.2073 -20.2073 -20.2073
24.7487 -24.7487 0
20.2073 -20.2073 20.2073
14.2887 -14.2887 28.5774
10.5529 -10.5529 31.6587
8.24958 -8.24958 32.9983
8.48875 0 -33.955
11.068 0 -33.2039
15.6525 0 -31.305
24.7487 0 -24.7487
35 0 0
24.7487 0 24.7487
15.6525 0 31.305
11.068 0 33.2039
8.48875 0 33.955
8.24958 8.24958 -32.9983
10.5529 10.5529 -31.6587
14.2887 14.2887 -28.5774
20.2073 20.2073 -20.2073
24.7487 24.7487 0
20.2073 20.2073 20.2073
14.2887 14.2887 28.5774
10.5529 10.5529 31.6587
8.24958 8.24958 32.9983
7.63763 15.2753 -30.5505
9.35414 18.7083 -28.0624
11.6667 23.3333 -23.3333
14.2887 28.5774 -14.2887
15.6525 31.305 0
14.2887 28.5774 14.2887
11.6667 23.3333 23.3333
9.35414 18.7083 28.0624
7.63763 15.2753 30.5505
6.86406 20.5922 -27.4563
8.02955 24.0887 -24.0887
9.35414 28.0624 -18.7083
10.5529 31.6587 -10.5529
11.068 33.2039 0
10.5529 31.6587 10.5529
9.35414 28.0624 18.7083
8.02955 24.0887 24.0887
6.86406 20.5922 27.4563
6.09272 24.3709 -24.3709
6.86406 27.4563 -20.5922
7.63763 30.5505 -15.2753
8.24958 32.9983 -8.24958
8.48875 33.955 0
8.24958 32.9983 8.24958
7.63763 30.5505 15.2753
6.86406 27.4563 20.5922
6.09272 24.3709 24.3709
11.6667 -23.3333 -23.3333
12.9987 -25.9973 -19.498
14.2887 -28.5774 -14.2887
15.2753 -30.5505 -7.63763
15.6525 -31.305 0
15.2753 -30.5505 7.63763
14.2887 -28.5774 14.2887
12.9987 -25.9973 19.498
11.6667 -23.3333 23.3333
12.9987 -19.498 -25.9973
14.9241 -22.3861 -22.3861
16.9775 -25.4662 -16.9775
18.7083 -28.0624 -9.35414
19.4145 -29.1218 0
18.7083 -28.0624 9.35414
16.9775 -25.4662 16.9775
14.9241 -22.3861 22.3861
12.9987 -19.498 25.9973
14.2887 -14.2887 -28.5774
16.9775 -16.9775 -25.4662
20.2073 -20.2073 -20.2073
23.3333 -23.3333 -11.6667
24.7487 -24.7487 0
23.3333 -23.3333 11.6667
20.2073 -20.2073 20.2073
16.9775 -16.9775 25.4662
14.2887 -14.2887 28.5774
15.2753 -7.63763 -30.5505
18.7083 -9.35414 -28.0624
23.3333 -11.6667 -23.3333
28.5774 -14.2887 -14.2887
31.305 -15.6525 0
28.5774 -14.2887 14.2887
23.3333 -11.6667 23.3333
18.7083 -9.35414 28.0624
15.2753 -7.63763 30.5505
15.6525 0 -31.305
19.4145 0 -29.1218
24.7487 0 -24.7487
31.305 0 -15.6525
35 0 0
31.305 0 15.6525
24.7487 0 24.7487
19.4145 0 29.1218
15.6525 0 31.305
15.2753 7.63763 -30.5505
18.7083 9.35414 -28.0624
23.3333 11.6667 -23.3333
28.5774 14.2887 -14.2887
31.305 15.6525 0
28.5774 14.2887 14.2887
23.3333 11.6667 23.3333
18.7083 9.35414 28.0624
15.2753 7.63763 30.5505
14.2887 14.2887 -28.5774
16.9775 16.9775 -25.4662
20.2073 20.2073 -20.2073
23.3333 23.3333 -11.6667
24.7487 24.7487 0
23.3333 23.3333 11.6667
20.2073 20.2073 20.2073
16.9775 16.9775 25.4662
14.2887 14.2887 28.5774
12.9987 19.498 -25.9973
14.9241 22.3861 -22.3861
16.9775 25.4662 -16.9775
18.7083 28.0624 -9.35414
19.4145 29.1218 0
18.7083 28.0624 9.35414
16.9775 25.4662 16.9775
14.9241 22.3861 22.3861
12.9987 19.498 25.9973
11.6667 23.3333 -23.3333
12.9987 25.9973 -19.498
14.2887 28.5774 -14.2887
15.2753 30.5505 -7.63763
15.6525 31.305 0
15.2753 30.5505 7.63763
14.2887 28.5774 14.2887
12.9987 25.9973 19.498
11.6667 23.3333 23.3333
16.3982 -21.8643 -21.8643
18.0074 -24.0098 -18.0074
19.498 -25.9973 -12.9987
20.5922 -27.4563 -6.86406
21 -28 0
20.5922 -27.4563 6.86406
19.498 -25.9973 12.9987
18.0074 -24.0098 18.0074
16.3982 -21.8643 21.8643
18.0074 -18.0074 -24.0098
20.2073 -20.2073 -20.2073
22.3861 -22.3861 -14.9241
24.0887 -24.0887 -8.02955
24.7487 -24.7487 0
24.0887 -24.0887 8.02955
22.3861 -22.3861 14.9241
20.2073 -20.2073 20.2073
18.0074 -18.0074 24.0098
19.498 -12.9987 -25.9973
22.3861 -14.9241 -22.3861
25.4662 -16.9775 -16.9775
28.0624 -18.7083 -9.35414
29.1218 -19.4145 0
28.0624 -18.7083 9.35414
25.4662 -16.9775 16.9775
22.3861 -14.9241 22.3861
19.498 -12.9987 25.9973
20.5922 -6.86406 -27.4563
24.0887 -8.02955 -24.0887
28.0624 -9.35414 -18.7083
31.6587 -10.5529 -10.5529
33.2039 -11.068 0
31.6587 -10.5529 10.5529
28.0624 -9.35414 18.7083
24.0887 -8.02955 24.0887
20.5922 -6.86406 27.4563
21 0 -28
24.7487 0 -24.7487
29.1218 0 -19.4145
33.2039 0 -11.068
35 0 0
33.2039 0 11.068
29.1218 0 19.4145
24.7487 0 24.7487
21 0 28
20.5922 6.86406 -27.4563
24.0887 8.02955 -24.0887
28.0624 9.35414 -18.7083
31.6587 10.5529 -10.5529
33.2039 11.068 0
31.6587 10.5529 10.5529
28.0624 9.35414 18.7083
24.0887 8.02955 24.0887
20.5922 6.86406 27.4563
19.498 12.9987 -25.9973
22.3861 14.9241 -22.3861
25.4662 16.9775 -16.9775
28.0624 18.7083 -9.35414
29.1218 19.4145 0
28.0624 18.7083 9.35414
25.4662 16.9775 16.9775
22.3861 14.9241 22.3861
19.498 12.9987 25.9973
18.0074 18.0074 -24.0098
20.2073 20.2073 -20.2073
22.3861 22.3861 -14.9241
24.0887 24.0887 -8.02955
24.7487 24.7487 0
24.0887 24.0887 8.02955
22.3861 22.3861 14.9241
20.2073 20.2073 20.2073
18.0074 18.0074 24.0098
16.3982 21.8643 -21.8643
18.0074 24.0098 -18.0074
19.498 25.9973 -12.9987
20.5922 27.4563 -6.86406
21 28 0
20.5922 27.4563 6.86406
19.498 25.9973 12.9987
18.0074 24.0098 18.0074
16.3982 21.8643 21.8643
20.2073 -20.2073 -20.2073
21.8643 -21.8643 -16.3982
23.3333 -23.3333 -11.6667
24.3709 -24.3709 -6.09272
24.7487 -24.7487 0
24.3709 -24.3709 6.09272
23.3333 -23.3333 11.6667
21.8643 -21.8643 16.3982
20.2073 -20.2073 20.2073
21.8643 -16.3982 -21.8643
24.0098 -18.0074 -18.0074
25.9973 -19.498 -12.9987
27.4563 -20.5922 -6.86406
28 -21 0
27.4563 -20.5922 6.86406
25.9973 -19.498 12.9987
24.0098 -18.0074 18.0074
21.8643 -16.3982 21.8643
23.3333 -11.6667 -23.3333
25.9973 -12.9987 -19.498
28.5774 -14.2887 -14.2887
30.5505 -15.2753 -7.63763
31.305 -15.6525 0
30.5505 -15.2753 7.63763
28.5774 -14.2887 14.2887
25.9973 -12.9987 19.498
23.3333 -11.6667 23.3333
24.3709 -6.09272 -24.3709
27.4563 -6.86406 -20.5922
30.5505 -7.63763 -15.2753
32.9983 -8.24958 -8.24958
33.955 -8.48875 0
32.9983 -8.24958 8.24958
30.5505 -7.63763 15.2753
27.4563 -6.86406 20.5922
24.3709 -6.09272 24.3709
24.7487 0 -24.7487
28 0 -21
31.305 0 -15.6525
33.955 0 -8.48875
35 0 0
33.955 0 8.48875
31.305 0 15.6525
28 0 21
24.7487 0 24.7487
24.3709 6.09272 -24.3709
27.4563 6.86406 -20.5922
30.5505 7.63763 -15.2753
32.9983 8.24958 -8.24958
33.955 8.48875 0
32.9983 8.24958 8.24958
30.5505 7.63763 15.2753
27.4563 6.86406 20.5922
24.3709 6.09272 24.3709
23.3333 11.6667 -23.3333
25.9973 12.9987 -19.498
28.5774 14.2887 -14.2887
30.5505 15.2753 -7.63763
31.305 15.6525 0
30.5505 15.2753 7.63763
28.5774 14.2887 14.2887
25.9973 12.9987 19.498
23.3333 11.6667 23.3333
21.8643 16.3982 -21.8643
24.0098 18.0074 -18.0074
25.9973 19.498 -12.9987
27.4563 20.5922 -6.86406
28 21 0
27.4563 20.5922 6.86406
25.9973 19.498 12.9987
24.0098 18.0074 18.0074
21.8643 16.3982 21.8643
20.2073 20.2073 -20.2073
21.8643 21.8643 -16.3982
23.3333 23.3333 -11.6667
24.3709 24.3709 -6.09272
24.7487 24.7487 0
24.3709 24.3709 6.09272
23.3333 23.3333 11.6667
21.8643 21.8643 16.3982
20.2073 20.2073 20.2073
2
2
2
2
2
2
2
2
2
2
2
2
2
2
2
2
2
2
2
2
2
2
2
2
2
2
2
2
2
2
2
2
2
2
2
2
2
2
2
2
2
2
2
2
2
2
2
2
2
2
2
2
2
2
2
2
2
2
2
2
2
2
2
2
2
2
2
2
2
2
2
2
2
2
2
2
2
2
2
2
2
2
2
2
2
2
2
2
2
2
2
2
2
2
2
2
2
2
2
2
2
2
2
2
2
2
2
2
2
2
2
2
2
2
2
2
2
2
2
2
2
2
2
2
2
2
2
2
2
2
2
2
2
2
2
2
2
2
2
2
2
2
2
2
2
2
2
2
2
2
2
2
2
2
2
2
2
2
2
2
2
2
2
2
2
2
2
2
2
2
2
2
2
2
2
2
2
2
2
2
2
2
2
2
2
2
2
2
2
2
2
2
2
2
2
2
2
2
2
2
2
2
2
2
2
2
2
2
2
2
2
2
2
2
2
2
2
2
2
2
2
2
2
2
2
2
2
2
2
2
2
2
2
2
2
2
2
2
2
2
2
2
2
2
2
2
2
2
2
2
2
2
2
2
2
2
2
2
2
2
2
2
2
2
2
2
2
2
2
2
2
2
2
2
2
2
2
2
2
2
2
2
2
2
2
2
2
2
2
2
2
2
2
2
2
2
2
2
2
2
2
2
2
2
2
2
2
2
2
2
2
2
2
2
2
2
2
2
2
2
2
2
2
2
2
2
2
2
2
2
2
2
2
2
2
2
2
2
2
2
2
2
2
2
2
2
2
2
2
2
2
2
2
2
2
2
2
2
2
2
2
2
2
2
20
2
2
2
2
2
2
2
2
2
2
2
2
2
2
2
2
2
2
2
2
2
2
2
2
2
2
2
2
2
2
2
2
2
2
2
2
2
2
2
2
2
2
2
2
2
2
2
2
2
2
2
2
2
2
2
2
2
2
2
2
2
2
2
2
2
2
2
2
2
2
2
2
2
2
2
2
2
2
2
2
2
2
2
2
2
2
2
2
2
2
2
2
2
2
2
2
2
2
2
2
2
2
2
2
2
2
2
2
2
2
2
2
2
2
2
2
2
2
2
2
2
2
2
2
2
2
2
2
2
2
2
2
2
2
2
2
2
2
2
2
2
2
2
2
2
2
2
2
2
2
2
2
2
2
2
2
2
2
2
2
2
2
2
2
2
2
2
2
2
2
2
2
2
2
2
2
2
2
2
2
2
2
2
2
2
2
2
2
2
2
2
2
2
2
2
2
2
2
2
2
2
2
2
2
2
2
2
2
2
2
2
2
2
2
2
2
2
2
2
2
2
2
2
2
2
2
2
2
2
2
2
2
2
2
2
2
2
2
2
2
2
2
2
2
2
2
2
2
2
2
2
2
2
2
2
2
2
2
2
2
2
2
2
2
2
2
2
2
2
2
2
2
2
2
2
2
2
2
2
2
2
2
2
2
2
2
2
2
2
2
2
2
2
2
2
2
2
2
2
2
2
2
2
2
2
2
2
2
2
2
2
2
2
2
2
2
2
2
2
2
2
2
2
2
2
2
2
2
2
2
2
2
2
2
2
2
2
2
2
2
2
2
2
2
2
2
2
2
2
2
2
2
2
2
2
2
2
2
2
2
2
2
2
2
1
1
1
1
1
1
1
1
1
1
1
1
1
1
1
1
1
1
1
1
1
1
1
1
1
1
1
1
1
1
1
1
1
1
1
1
1
1
1
1
1
1
1
1
1
1
1
1
1
1
1
1
1
1
1
1
1
1
1
1
1
1
1
1
1
1
1
1
1
1
1
1
1
1
1
1
1
1
1
1
1
1
1
1
1
1
1
1
1
1
1
1
1
1
1
1
1
1
1
1
1
1
1
1
1
1
1
1
1
1
1
1
1
1
1
1
1
1
1
1
1
1
1
1
1
1
1
1
1
1
1
1
1
1
1
1
1
1
1
1
1
1
1
1
1
1
1
1
1
1
1
1
1
1
1
1
1
1
1
1
1
1
1
1
1
1
1
1
1
1
1
1
1
1
1
1
1
1
1
1
1
1
1
1
1
1
1
1
1
1
1
1
1
1
1
1
1
1
1
1
1
1
1
1
1
1
1
1
1
1
1
1
1
1
1
1
1
1
1
1
1
1
1
1
1
1
1
1
1
1
1
1
1
1
1
1
1
1
1
1
1
1
1
1
1
1
1
1
1
1
1
1
1
1
1
1
1
1
1
1
1
1
1
1
1
1
1
1
1
1
1
1
1
1
1
1
1
1
1
1
1
1
1
1
1
1
1
1
1
1
1
1
1
1
1
1
1
1
1
1
1
1
1
1
1
1
1
1
1
1
1
1
1
1
1
1
1
1
1
1
1
1
1
1
1
1
1
1
1
1
1
1
1
1
1
1
1
1
1
1
1
1
1
1
1
1
1
1
1
1
1
1
1
1
1
1
1
1
1
1
1
1
1
1
5
1
1
1
1
1
1
1
1
1
1
1
1
1
1
1
1
1
1
1
1
1
1
1
1
1
1
1
1
1
1
1
1
1
1
1
1
1
1
1
1
1
1
1
1
1
1
1
1
1
1
1
1
1
1
1
1
1
1
1
1
1
1
1
1
1
1
1
1
1
1
1
1
1
1
1
1
1
1
1
1
1
1
1
1
1
1
1
1
1
1
1
1
1
1
1
1
1
1
1
1
1
1
1
1
1
1
1
1
1
1
1
1
1
1
1
1
1
1
1
1
1
1
1
1
1
1
1
1
1
1
1
1
1
1
1
1
1
1
1
1
1
1
1
1
1
1
1
1
1
1
1
1
1
1
1
1
1
1
1
1
1
1
1
1
1
1
1
1
1
1
1
1
1
1
1
1
1
1
1
1
1
1
1
1
1
1
1
1
1
1
1
1
1
1
1
1
1
1
1
1
1
1
1
1
1
1
1
1
1
1
1
1
1
1
1
1
1
1
1
1
1
1
1
1
1
1
1
1
1
1
1
1
1
1
1
1
1
1
1
1
1
1
1
1
1
1
1
1
1
1
1
1
1
1
1
1
1
1
1
1
1
1
1
1
1
1
1
1
1
1
1
1
1
1
1
1
1
1
1
1
1
1
1
1
1
1
1
1
1
1
1
1
1
1
1
1
1
1
1
1
1
1
1
1
1
1
1
1
1
1
1
1
1
1
1
1
1
1
1
1
1
1
1
1
1
1
1
1
1
1
1
1
1
1
1
1
1
1
1
1
1
1
1
1
1
1
1
1
1
1
1
1
1
1
1
1
1
1
1
1
1
1
1
1
