300
4 27 0
2 -26 0
-5 28 0
21 -18 0
6 23 0
-15 -21 0
8 27 0
6 -25 0
-17 16 0
22 -15 0
9 18 0
-23 -12 0
-3 27 0
-25 -7 0
-16 20 0
6 -21 0
-16 15 0
14 -21 0
26 12 0
-6 -20 0
15 16 0
-2 -21 0
1 27 0
19 -21 0
12 17 0
-4 -20 0
-19 21 0
12 -21 0
11 23 0
-28 -7 0
-7 18 0
4 -27 0
-12 19 0
-11 -21 0
-13 16 0
-4 -21 0
18 21 0
17 -12 0
-16 16 0
23 -6 0
-3 27 0
-17 -20 0
-13 24 0
5 -19 0
14 20 0
11 -20 0
1 26 0
-21 -9 0
8 20 0
16 -24 0
-4 28 0
-21 -9 0
6 25 0
5 -28 0
4 20 0
0 -25 0
8 18 0
4 -27 0
-21 15 0
-18 -15 0
0 24 0
-21 -9 0
0 29 0
7 -27 0
-7 18 0
-16 -20 0
-9 27 0
-3 -27 0
8 18 0
19 -8 0
-14 16 0
11 -20 0
-18 8 0
19 -19 0
11 16 0
-17 -16 0
-28 7 0
-6 -20 0
-6 23 0
1 -21 0
-18 20 0
-19 -17 0
11 21 0
-11 -26 0
9 21 0
-14 -16 0
-10 26 0
17 -16 0
14 16 0
18 -17 0
8 21 0
-4 -22 0
13 23 0
-2 -26 0
14 20 0
21 -6 0
22 6 0
-14 -15 0
5 23 0
18 -12 0
-2 26 0
16 -17 0
12 17 0
-16 -12 0
-18 8 0
-13 -17 0
-2 25 0
0 -21 0
4 21 0
-18 -20 0
-11 26 0
15 -22 0
15 18 0
-6 -19 0
3 24 0
6 -25 0
22 9 0
9 -27 0
5 24 0
13 -20 0
8 20 0
-22 -18 0
12 20 0
14 -19 0
-8 19 0
0 -20 0
-1 25 0
-26 -7 0
19 11 0
6 -23 0
-7 20 0
1 -19 0
-22 17 0
-14 -16 0
-15 21 0
-16 -12 0
14 20 0
10 -25 0
-2 25 0
16 -21 0
-23 15 0
-19 -12 0
22 13 0
-24 -16 0
-15 24 0
2 -24 0
19 8 0
6 -28 0
0 22 0
-6 -27 0
27 10 0
-4 -26 0
3 22 0
15 -18 0
-13 23 0
17 -22 0
-6 23 0
-24 -7 0
-12 19 0
-1 -23 0
-9 17 0
-7 -19 0
-20 9 0
-7 -19 0
12 18 0
22 -6 0
22 9 0
2 -19 0
13 17 0
-18 -21 0
-3 21 0
-11 -19 0
7 28 0
19 -12 0
8 27 0
-10 -25 0
12 18 0
-8 -20 0
-11 21 0
26 -12 0
24 16 0
1 -21 0
-1 19 0
4 -20 0
10 20 0
-20 -21 0
17 20 0
20 -18 0
0 25 0
4 -25 0
21 16 0
0 -29 0
-17 13 0
1 -19 0
1 25 0
11 -19 0
-3 23 0
10 -17 0
22 17 0
22 -9 0
-11 19 0
7 -26 0
24 7 0
19 -12 0
0 25 0
-6 -19 0
19 12 0
-7 -28 0
-3 25 0
-1 -25 0
-15 13 0
0 -28 0
19 14 0
3 -19 0
-24 10 0
14 -20 0
-19 20 0
24 -7 0
3 26 0
-2 -24 0
-13 18 0
-18 -10 0
-11 23 0
-19 -11 0
0 25 0
15 -20 0
-27 10 0
23 -17 0
7 21 0
-5 -21 0
8 18 0
13 -20 0
-9 23 0
12 -19 0
-11 20 0
17 -12 0
-17 10 0
-15 -18 0
-1 27 0
-6 -23 0
19 19 0
18 -14 0
-11 21 0
20 -16 0
24 16 0
-21 -11 0
9 20 0
-14 -24 0
0 24 0
-14 -16 0
-21 15 0
-10 -24 0
14 16 0
-21 -18 0
-10 27 0
7 -28 0
20 18 0
5 -28 0
0 22 0
-20 -6 0
15 13 0
1 -20 0
14 14 0
5 -21 0
-5 20 0
1 -26 0
-11 21 0
-23 -6 0
-17 18 0
20 -11 0
-12 21 0
7 -19 0
8 19 0
2 -20 0
18 10 0
-16 -13 0
-16 22 0
-10 -22 0
9 20 0
8 -26 0
-2 22 0
-14 -23 0
16 19 0
6 -19 0
-16 17 0
5 -19 0
-19 8 0
-17 -16 0
-11 24 0
16 -21 0
-11 25 0
-12 -16 0
6 24 0
-20 -18 0
5 19 0
-9 -18 0
20 9 0
-9 -25 0
-6 24 0
14 -25 0
-0.989204 0.146549 0
0.997055 0.0766965 0
-0.984428 -0.175791 0
0.650791 0.759257 0
-0.967617 0.252422 0
0.813733 -0.581238 0
-0.958798 0.284088 0
0.972387 0.233373 0
-0.685365 -0.7282 0
0.563337 0.826227 0
-0.894427 0.447214 0
0.462566 -0.886585 0
-0.993884 -0.110432 0
0.26963 -0.962964 0
-0.780869 -0.624695 0
0.961524 0.274721 0
-0.683941 -0.729537 0
0.83205 0.5547 0
-0.419058 0.907959 0
0.957826 -0.287348 0
-0.729537 0.683941 0
0.995495 -0.0948091 0
-0.999315 0.0370117 0
0.741536 0.670913 0
-0.816968 0.576683 0
0.980581 -0.196116 0
-0.741536 -0.670913 0
0.868243 0.496139 0
-0.902134 0.431455 0
0.242536 -0.970142 0
-0.932005 -0.362446 0
0.989204 0.146549 0
-0.845489 -0.533993 0
0.885832 -0.464007 0
-0.776114 -0.630593 0
0.982339 -0.187112 0
-0.759257 0.650791 0
0.576683 0.816968 0
-0.707107 -0.707107 0
0.252422 0.967617 0
-0.993884 -0.110432 0
0.761939 -0.647648 0
-0.879292 -0.476283 0
0.967075 0.254493 0
-0.819232 0.573462 0
0.876216 0.481919 0
-0.999261 0.0384331 0
0.393919 -0.919145 0
-0.928477 0.371391 0
0.83205 0.5547 0
-0.989949 -0.141421 0
0.393919 -0.919145 0
-0.972387 0.233373 0
0.984428 0.175791 0
-0.980581 0.196116 0
1 0 0
-0.913812 0.406138 0
0.989204 0.146549 0
-0.581238 -0.813733 0
0.640184 -0.768221 0
-1 0 0
0.393919 -0.919145 0
-1 0 0
0.967997 0.250962 0
-0.932005 -0.362446 0
0.780869 -0.624695 0
-0.948683 -0.316228 0
0.993884 -0.110432 0
-0.913812 0.406138 0
0.388057 0.921635 0
-0.752577 -0.658505 0
0.876216 0.481919 0
-0.406138 -0.913812 0
0.707107 0.707107 0
-0.824042 0.566529 0
0.685365 -0.7282 0
-0.242536 -0.970142 0
0.957826 -0.287348 0
-0.967617 -0.252422 0
0.998868 0.0475652 0
-0.743294 -0.668965 0
0.666795 -0.745241 0
-0.885832 0.464007 0
0.920967 -0.38964 0
-0.919145 0.393919 0
0.752577 -0.658505 0
-0.933346 -0.358979 0
0.685365 0.7282 0
-0.752577 0.658505 0
0.686624 0.727013 0
-0.934488 0.355995 0
0.98387 -0.178885 0
-0.870563 0.492057 0
0.997055 -0.0766965 0
-0.819232 0.573462 0
0.274721 0.961524 0
-0.263117 0.964764 0
0.731055 -0.682318 0
-0.977176 0.21243 0
0.5547 0.83205 0
-0.997055 -0.0766965 0
0.7282 0.685365 0
-0.816968 0.576683 0
0.6 -0.8 0
-0.406138 -0.913812 0
0.794358 -0.60745 0
-0.996815 -0.0797452 0
1 0 0
-0.982339 0.187112 0
0.743294 -0.668965 0
-0.920967 -0.38964 0
0.826227 0.563337 0
-0.768221 0.640184 0
0.953583 -0.301131 0
-0.992278 0.124035 0
0.972387 0.233373 0
-0.378633 0.925547 0
0.948683 0.316228 0
-0.97898 0.203954 0
0.838444 0.544988 0
-0.928477 0.371391 0
0.633238 -0.773957 0
-0.857493 0.514496 0
0.805056 0.593199 0
-0.921635 -0.388057 0
1 0 0
-0.999201 -0.039968 0
0.259973 -0.965616 0
-0.501036 0.865426 0
0.967617 0.252422 0
-0.943858 -0.33035 0
0.998618 0.0525588 0
-0.611448 -0.791285 0
0.752577 -0.658505 0
-0.813733 -0.581238 0
0.6 -0.8 0
-0.819232 0.573462 0
0.928477 0.371391 0
-0.996815 -0.0797452 0
0.795432 0.606043 0
-0.546268 -0.837611 0
0.533993 -0.845489 0
-0.508729 0.860927 0
0.5547 -0.83205 0
-0.847998 -0.529999 0
0.996546 0.0830455 0
-0.388057 0.921635 0
0.977802 0.209529 0
-1 0 0
0.976187 -0.21693 0
-0.347314 0.937749 0
0.988372 -0.152057 0
-0.99083 0.135113 0
0.768221 0.640184 0
-0.870563 -0.492057 0
0.791285 0.611448 0
-0.967617 -0.252422 0
0.28 -0.96 0
-0.845489 -0.533993 0
0.999056 -0.0434372 0
-0.883788 -0.467888 0
0.938343 -0.345705 0
-0.410365 -0.911921 0
0.938343 -0.345705 0
-0.83205 0.5547 0
0.263117 0.964764 0
-0.378633 0.925547 0
0.994505 0.104685 0
-0.794358 0.60745 0
0.759257 -0.650791 0
-0.989949 -0.141421 0
0.865426 -0.501036 0
-0.970142 0.242536 0
0.533993 0.845489 0
-0.958798 0.284088 0
0.928477 -0.371391 0
-0.83205 0.5547 0
0.928477 -0.371391 0
-0.885832 -0.464007 0
0.419058 0.907959 0
-0.5547 0.83205 0
0.998868 0.0475652 0
-0.998618 -0.0525588 0
0.980581 0.196116 0
-0.894427 0.447214 0
0.724138 -0.689655 0
-0.761939 0.647648 0
0.668965 0.743294 0
-1 0 0
0.987441 0.157991 0
-0.606043 0.795432 0
1 0 0
-0.60745 -0.794358 0
0.998618 0.0525588 0
-0.999201 0.039968 0
0.865426 0.501036 0
-0.9916 -0.129339 0
0.861934 0.50702 0
-0.611448 0.791285 0
0.378633 0.925547 0
-0.865426 -0.501036 0
0.965616 0.259973 0
-0.28 0.96 0
0.533993 0.845489 0
-1 0 0
0.953583 -0.301131 0
-0.533993 0.845489 0
0.970142 -0.242536 0
-0.992877 -0.119145 0
0.999201 -0.039968 0
-0.654931 -0.755689 0
1 0 0
-0.593199 0.805056 0
0.987763 0.155963 0
-0.384615 -0.923077 0
0.819232 0.573462 0
-0.724999 -0.688749 0
0.28 0.96 0
-0.993409 0.114624 0
0.996546 -0.0830455 0
-0.810679 -0.585491 0
0.485643 -0.874157 0
-0.902134 -0.431455 0
0.501036 -0.865426 0
-1 0 0
0.8 0.6 0
-0.347314 -0.937749 0
0.594391 0.804176 0
-0.948683 0.316228 0
0.972806 -0.231621 0
-0.913812 0.406138 0
0.838444 0.544988 0
-0.931243 -0.364399 0
0.845489 0.533993 0
-0.876216 -0.481919 0
0.576683 0.816968 0
-0.50702 -0.861934 0
0.768221 -0.640184 0
-0.999315 -0.0370117 0
0.967617 -0.252422 0
-0.707107 0.707107 0
0.613941 0.789352 0
-0.885832 -0.464007 0
0.624695 0.780869 0
-0.5547 0.83205 0
0.464007 -0.885832 0
-0.911921 0.410365 0
0.863779 -0.503871 0
-1 0 0
0.752577 -0.658505 0
-0.581238 -0.813733 0
0.923077 -0.384615 0
-0.752577 0.658505 0
0.650791 -0.759257 0
-0.937749 -0.347314 0
0.970142 0.242536 0
-0.668965 0.743294 0
0.984428 0.175791 0
-1 0 0
0.287348 -0.957826 0
-0.654931 0.755689 0
0.998752 0.0499376 0
-0.707107 0.707107 0
0.972806 0.231621 0
-0.970142 -0.242536 0
0.999261 0.0384331 0
-0.885832 -0.464007 0
0.252422 -0.967617 0
-0.727013 -0.686624 0
0.481919 0.876216 0
-0.868243 -0.496139 0
0.938343 0.345705 0
-0.921635 0.388057 0
0.995037 0.0995037 0
-0.485643 0.874157 0
0.630593 -0.776114 0
-0.808736 -0.588172 0
0.910366 -0.413803 0
-0.911921 0.410365 0
0.955779 0.294086 0
-0.995893 -0.0905358 0
0.854199 -0.519947 0
-0.764911 0.644136 0
0.953583 0.301131 0
-0.7282 -0.685365 0
0.967075 0.254493 0
-0.388057 -0.921635 0
0.685365 -0.7282 0
-0.909065 -0.416655 0
0.795432 0.606043 0
-0.915315 -0.402739 0
0.8 -0.6 0
-0.970142 0.242536 0
0.668965 -0.743294 0
-0.967075 0.254493 0
0.894427 -0.447214 0
-0.410365 0.911921 0
0.940887 -0.338719 0
-0.970142 -0.242536 0
0.872506 0.488603 0
3
3
3
3
3
3
3
3
3
3
3
3
3
3
3
3
3
3
3
3
3
3
3
3
3
3
3
3
3
3
3
3
3
3
3
3
3
3
3
3
3
3
3
3
3
3
3
3
3
3
3
3
3
3
3
3
3
3
3
3
3
3
3
3
3
3
3
3
3
3
3
3
3
3
3
3
3
3
3
3
3
3
3
3
3
3
3
3
3
3
3
3
3
3
3
3
3
3
3
3
3
3
3
3
3
3
3
3
3
3
3
3
3
3
3
3
3
3
3
3
3
3
3
3
3
3
3
3
3
3
3
3
3
3
3
3
3
3
3
3
3
3
3
3
3
3
3
3
3
3
3
3
3
3
3
3
3
3
3
3
3
3
3
3
3
3
3
3
3
3
3
3
3
3
3
3
3
3
3
3
3
3
3
3
3
3
3
3
3
3
3
3
3
3
3
3
3
3
3
3
3
3
3
3
3
3
3
3
3
3
3
3
3
3
3
3
3
3
3
3
3
3
3
3
3
3
3
3
3
3
3
3
3
3
3
3
3
3
3
3
3
3
3
3
3
3
3
3
3
3
3
3
3
3
3
3
3
3
3
3
3
3
3
3
3
3
3
3
3
3
3
3
3
3
3
3
3
3
3
3
3
3
3
3
3
3
3
3
3
3
3
3
3
3
3
3
3
3
3
3
2
2
2
2
2
2
2
2
2
2
2
2
2
2
2
2
2
2
2
2
2
2
2
2
2
2
2
2
2
2
2
2
2
2
2
2
2
2
2
2
2
2
2
2
2
2
2
2
2
2
2
2
2
2
2
2
2
2
2
2
2
2
2
2
2
2
2
2
2
2
2
2
2
2
2
2
2
2
2
2
2
2
2
2
2
2
2
2
2
2
2
2
2
2
2
2
2
2
2
2
2
2
2
2
2
2
2
2
2
2
2
2
2
2
2
2
2
2
2
2
2
2
2
2
2
2
2
2
2
2
2
2
2
2
2
2
2
2
2
2
2
2
2
2
2
2
2
2
2
2
2
2
2
2
2
2
2
2
2
2
2
2
2
2
2
2
2
2
2
2
2
2
2
2
2
2
2
2
2
2
2
2
2
2
2
2
2
2
2
2
2
2
2
2
2
2
2
2
2
2
2
2
2
2
2
2
2
2
2
2
2
2
2
2
2
2
2
2
2
2
2
2
2
2
2
2
2
2
2
2
2
2
2
2
2
2
2
2
2
2
2
2
2
2
2
2
2
2
2
2
2
2
2
2
2
2
2
2
2
2
2
2
2
2
2
2
2
2
2
2
2
2
2
2
2
2
2
2
2
2
2
2
2
2
2
2
2
2
2
2
2
2
2
2
2
2
2
2
2
2
